3
6241
8191
4294967295
1258503367
639841972
3949453399
3503281727
1399703796
562012527
2040522530
498665675
1845906524
3681058750
2341719612
1801924379
225750677
3432930595
803622870
2066786622
633364401
1647812085
4281485590
3235672731
62337174
2552141719
863009364
2513738659
3419169168
595454843
2012099820
2437323815
3609835020
3415782177
3223776812
44842968
2375023376
1872337070
2941545129
2949525846
328201543
4077557847
1154423032
359943474
110150092
1547611420
1195711287
3682304520
3723666246
3575417336
2505268347
2565947535
2314929253
3591892239
2123485435
4075116698
224232840
2163813742
3674968572
3800197347
2920749837
2050383849
3010660584
1958117462
1611649013
134330410
3965582946
891579400
480618368
895597800
3437372049
201427012
2804929642
1986085304
3542441047
2595353907
647849941
786283617
3337213529
2596207660
2128194626
2890841500
2313213035
1432819308
3503462801
1566324580
2611771038
2689283985
1892486012
3581353428
790080912
671718990
1489067072
2149510811
2812125198
4084370639
2626459152
2498611849
3678938586
2416501944
2703695822
601504539
3445651275
4177585338
1267263027
127298147
2587134321
3891924798
790987185
2811112220
3061905050
3336570589
567020317
608721500
69504213
3342825767
1079565672
3378789252
3924804770
3589869536
989939233
2856614262
548603804
3718973916
2673653029
3814089786
723631234
2761250329
3948357432
0

