3 3 9 9
3 3 15 15
3 19 3 21
2 2 2 104723
2 3 176819 435129
2 2 2 21
2 3 3 89
2 2 2 2
2 2 2 3
2 2 3 3
2 2 2 5
3 3 3 3
2 2 2 7
3 3 3 5
2 2 2 9
3 3 5 5
2 2 2 11
3 5 3 7
2 2 2 13
3 3 7 7
2 2 2 15
3 7 3 9
2 2 2 17
3 3 9 9
2 2 2 19
3 9 3 11
2 2 2 21
3 3 11 11
2 2 2 23
3 11 3 13
2 3 3 23
3 3 13 13
2 2 2 27
3 13 3 15
2 2 2 29
3 3 15 15
2 2 2 31
3 15 3 17
2 2 2 33
3 3 17 17
2 3 3 33
3 17 3 19
2 2 2 37
3 3 19 19
2 2 2 39
3 19 3 21
2 2 2 41
3 3 21 21
2 2 2 43
3 21 3 23
2 3 3 43
3 3 23 23
2 2 2 47
3 23 5 23
2 3 3 47
5 5 23 23
2 2 2 51
5 23 3 27
2 2 2 53
3 3 27 27
2 3 3 53
3 27 3 29
2 2 2 57
3 3 29 29
2 2 2 59
3 29 3 31
2 2 2 61
3 3 31 31
2 3 3 61
3 31 3 33
2 3 5 61
3 3 33 33
2 2 2 67
3 33 5 33
2 2 2 69
5 5 33 33
2 2 2 71
5 33 3 37
2 2 2 73
3 3 37 37
2 3 3 73
3 37 3 39
2 3 5 73
3 3 39 39
2 2 2 79
3 39 3 41
2 3 3 79
3 3 41 41
2 2 2 83
3 41 3 43
2 3 3 83
3 3 43 43
2 2 2 87
3 43 5 43
2 2 2 89
5 5 43 43
2 3 3 89
5 43 3 47
2 2 2 93
3 3 47 47
2 3 3 93
3 47 5 47
2 2 2 97
5 5 47 47
2 3 3 97
5 47 3 51
2 2 2 101
3 3 51 51
2 2 2 103
3 51 3 53
2 3 3 103
3 3 53 53
2 2 2 107
3 53 5 53
2 2 2 109
5 5 53 53
2 2 2 111
5 53 3 57
2 2 2 113
3 3 57 57
2 3 3 113
3 57 3 59
2 3 5 113
3 3 59 59
2 3 7 113
3 59 3 61
2 3 9 113
3 3 61 61
2 2 2 123
3 61 5 61
2 3 3 123
5 5 61 61
2 2 2 127
5 61 7 61
2 2 2 129
7 7 61 61
2 2 2 131
7 61 3 67
2 3 3 131
3 3 67 67
2 3 5 131
3 67 3 69
2 2 2 137
3 3 69 69
2 2 2 139
3 69 3 71
2 2 2 141
3 3 71 71
2 3 3 141
3 71 3 73
2 3 5 141
3 3 73 73
2 3 7 141
3 73 5 73
2 2 2 149
5 5 73 73
2 2 2 151
5 73 7 73
2 3 3 151
7 7 73 73
2 3 5 151
7 73 3 79
2 2 2 157
3 3 79 79
2 2 2 159
3 79 5 79
2 3 3 159
5 5 79 79
2 2 2 163
5 79 3 83
2 3 3 163
3 3 83 83
2 2 2 167
3 83 5 83
2 3 3 167
5 5 83 83
2 3 5 167
5 83 3 87
2 2 2 173
3 3 87 87
2 3 3 173
3 87 3 89
2 2 2 177
3 3 89 89
2 2 2 179
3 89 5 89
2 2 2 181
5 5 89 89
2 2 2 183
5 89 3 93
2 3 3 183
3 3 93 93
2 3 5 183
3 93 5 93
2 3 7 183
5 5 93 93
2 2 2 191
5 93 3 97
2 2 2 193
3 3 97 97
2 3 3 193
3 97 5 97
2 2 2 197
5 5 97 97
2 2 2 199
5 97 3 101
2 2 2 201
3 3 101 101
2 3 3 201
3 101 3 103
2 3 5 201
3 3 103 103
2 3 7 201
3 103 5 103
2 3 9 201
5 5 103 103
2 2 2 211
5 103 3 107
2 2 2 213
3 3 107 107
2 3 3 213
3 107 3 109
2 3 5 213
3 3 109 109
2 2 2 219
3 109 3 111
2 3 3 219
3 3 111 111
2 2 2 223
3 111 3 113
2 3 3 223
3 3 113 113
2 2 2 227
3 113 5 113
2 2 2 229
5 5 113 113
2 3 3 229
5 113 7 113
2 2 2 233
7 7 113 113
2 3 3 233
7 113 9 113
2 2 2 237
9 9 113 113
2 2 2 239
9 113 11 113
2 2 2 241
11 11 113 113
2 3 3 241
11 113 3 123
2 3 5 241
3 3 123 123
2 3 7 241
3 123 5 123
2 2 2 249
5 5 123 123
2 2 2 251
5 123 3 127
2 3 3 251
3 3 127 127
2 3 5 251
3 127 3 129
2 2 2 257
3 3 129 129
2 3 3 257
3 129 3 131
2 3 5 257
3 3 131 131
2 2 2 263
3 131 5 131
2 3 3 263
5 5 131 131
2 2 2 267
5 131 7 131
2 2 2 269
7 7 131 131
2 2 2 271
7 131 3 137
2 3 3 271
3 3 137 137
2 3 5 271
3 137 3 139
2 2 2 277
3 3 139 139
2 3 3 277
3 139 3 141
2 2 2 281
3 3 141 141
2 2 2 283
3 141 5 141
2 3 3 283
5 5 141 141
2 3 5 283
5 141 7 141
2 3 7 283
7 7 141 141
2 2 2 291
7 141 9 141
2 2 2 293
9 9 141 141
2 3 3 293
9 141 3 149
2 3 5 293
3 3 149 149
2 3 7 293
3 149 3 151
2 3 9 293
3 3 151 151
2 2 2 303
3 151 5 151
2 3 3 303
5 5 151 151
2 2 2 307
5 151 7 151
2 2 2 309
7 7 151 151
2 2 2 311
7 151 3 157
2 2 2 313
3 3 157 157
2 3 3 313
3 157 3 159
2 2 2 317
3 3 159 159
2 3 3 317
3 159 5 159
2 2 2 321
5 5 159 159
2 3 3 321
5 159 3 163
2 3 5 321
3 3 163 163
2 2 2 327
3 163 5 163
2 3 3 327
5 5 163 163
2 2 2 331
5 163 3 167
2 3 3 331
3 3 167 167
2 3 5 331
3 167 5 167
2 2 2 337
5 5 167 167
2 2 2 339
5 167 7 167
2 3 3 339
7 7 167 167
2 3 5 339
7 167 3 173
2 3 7 339
3 3 173 173
2 2 2 347
3 173 5 173
2 2 2 349
5 5 173 173
2 3 3 349
5 173 3 177
2 2 2 353
3 3 177 177
2 3 3 353
3 177 3 179
2 3 5 353
3 3 179 179
2 2 2 359
3 179 3 181
2 3 3 359
3 3 181 181
2 3 5 359
3 181 3 183
2 3 7 359
3 3 183 183
2 2 2 367
3 183 5 183
2 3 3 367
5 5 183 183
2 3 5 367
5 183 7 183
2 2 2 373
7 7 183 183
2 3 3 373
7 183 9 183
2 3 5 373
9 9 183 183
2 2 2 379
9 183 3 191
2 2 2 381
3 3 191 191
2 2 2 383
3 191 3 193
2 3 3 383
3 3 193 193
2 3 5 383
3 193 5 193
2 2 2 389
5 5 193 193
2 3 3 389
5 193 3 197
2 2 2 393
3 3 197 197
2 3 3 393
3 197 3 199
2 2 2 397
3 3 199 199
2 3 3 397
3 199 3 201
2 2 2 401
3 3 201 201
2 3 3 401
3 201 5 201
2 3 5 401
5 5 201 201
2 3 7 401
5 201 7 201
2 2 2 409
7 7 201 201
2 2 2 411
7 201 9 201
2 3 3 411
9 9 201 201
2 3 5 411
9 201 11 201
2 2 2 417
11 11 201 201
2 2 2 419
11 201 3 211
2 2 2 421
3 3 211 211
2 3 3 421
3 211 3 213
2 3 5 421
3 3 213 213
2 3 7 421
3 213 5 213
2 3 9 421
5 5 213 213
2 2 2 431
5 213 7 213
2 2 2 433
7 7 213 213
2 3 3 433
7 213 3 219
2 3 5 433
3 3 219 219
2 2 2 439
3 219 5 219
2 3 3 439
5 5 219 219
2 2 2 443
5 219 3 223
2 3 3 443
3 3 223 223
2 2 2 447
3 223 5 223
2 2 2 449
5 5 223 223
2 3 3 449
5 223 3 227
2 2 2 453
3 3 227 227
2 3 3 453
3 227 3 229
2 2 2 457
3 3 229 229
2 3 3 457
3 229 5 229
2 2 2 461
5 5 229 229
2 2 2 463
5 229 3 233
2 3 3 463
3 3 233 233
2 2 2 467
3 233 5 233
2 3 3 467
5 5 233 233
2 2 2 471
5 233 3 237
2 3 3 471
3 3 237 237
2 3 5 471
3 237 3 239
2 3 7 471
3 3 239 239
2 2 2 479
3 239 3 241
2 3 3 479
3 3 241 241
2 3 5 479
3 241 5 241
2 3 7 479
5 5 241 241
2 2 2 487
5 241 7 241
2 2 2 489
7 7 241 241
2 2 2 491
7 241 9 241
2 3 3 491
9 9 241 241
2 3 5 491
9 241 3 249
2 3 7 491
3 3 249 249
2 2 2 499
3 249 3 251
2 2 2 501
3 3 251 251
2 2 2 503
3 251 5 251
2 3 3 503
5 5 251 251
2 3 5 503
5 251 7 251
2 2 2 509
7 7 251 251
2 3 3 509
7 251 3 257
2 3 5 509
3 3 257 257
2 3 7 509
3 257 5 257
2 3 9 509
5 5 257 257
2 2 2 519
5 257 7 257
2 2 2 521
7 7 257 257
2 2 2 523
7 257 3 263
2 3 3 523
3 3 263 263
2 3 5 523
3 263 5 263
2 3 7 523
5 5 263 263
2 3 9 523
5 263 3 267
2 3 11 523
3 3 267 267
2 3 13 523
3 267 3 269
2 2 2 537
3 3 269 269
2 3 3 537
3 269 3 271
2 2 2 541
3 3 271 271
2 2 2 543
3 271 5 271
2 3 3 543
5 5 271 271
2 2 2 547
5 271 7 271
2 3 3 547
7 7 271 271
2 3 5 547
7 271 3 277
2 3 7 547
3 3 277 277
2 3 9 547
3 277 5 277
2 2 2 557
5 5 277 277
2 3 3 557
5 277 3 281
2 3 5 557
3 3 281 281
2 2 2 563
3 281 3 283
2 3 3 563
3 3 283 283
2 3 5 563
3 283 5 283
2 2 2 569
5 5 283 283
2 2 2 571
5 283 7 283
2 2 2 573
7 7 283 283
2 3 3 573
7 283 9 283
2 2 2 577
9 9 283 283
2 2 2 579
9 283 3 291
2 3 3 579
3 3 291 291
2 3 5 579
3 291 3 293
2 3 7 579
3 3 293 293
2 2 2 587
3 293 5 293
2 3 3 587
5 5 293 293
2 2 2 591
5 293 7 293
2 2 2 593
7 7 293 293
2 3 3 593
7 293 9 293
2 2 2 597
9 9 293 293
2 2 2 599
9 293 11 293
2 2 2 601
11 11 293 293
2 3 3 601
11 293 3 303
2 3 5 601
3 3 303 303
2 2 2 607
3 303 5 303
2 3 3 607
5 5 303 303
2 3 5 607
5 303 3 307
2 2 2 613
3 3 307 307
2 3 3 613
3 307 3 309
2 2 2 617
3 3 309 309
2 2 2 619
3 309 3 311
2 3 3 619
3 3 311 311
2 3 5 619
3 311 3 313
2 3 7 619
3 3 313 313
2 3 9 619
3 313 5 313
2 3 11 619
5 5 313 313
2 2 2 631
5 313 3 317
2 2 2 633
3 3 317 317
2 3 3 633
3 317 5 317
2 3 5 633
5 5 317 317
2 3 7 633
5 317 3 321
2 2 2 641
3 3 321 321
2 2 2 643
3 321 5 321
2 3 3 643
5 5 321 321
2 2 2 647
5 321 7 321
2 3 3 647
7 7 321 321
2 3 5 647
7 321 3 327
2 2 2 653
3 3 327 327
2 3 3 653
3 327 5 327
2 3 5 653
5 5 327 327
2 2 2 659
5 327 3 331
2 2 2 661
3 3 331 331
2 3 3 661
3 331 5 331
2 3 5 661
5 5 331 331
2 3 7 661
5 331 7 331
2 2 2 669
7 7 331 331
2 3 3 669
7 331 3 337
2 2 2 673
3 3 337 337
2 3 3 673
3 337 3 339
2 2 2 677
3 3 339 339
2 3 3 677
3 339 5 339
2 2 2 681
5 5 339 339
2 2 2 683
5 339 7 339
2 3 3 683
7 7 339 339
2 2 2 687
7 339 9 339
2 3 3 687
9 9 339 339
2 2 2 691
9 339 3 347
2 3 3 691
3 3 347 347
2 3 5 691
3 347 3 349
2 3 7 691
3 3 349 349
2 2 2 699
3 349 5 349
2 2 2 701
5 5 349 349
2 3 3 701
5 349 3 353
2 3 5 701
3 3 353 353
2 3 7 701
3 353 5 353
2 2 2 709
5 5 353 353
2 3 3 709
5 353 7 353
2 3 5 709
7 7 353 353
2 3 7 709
7 353 3 359
2 2 2 717
3 3 359 359
2 2 2 719
3 359 5 359
2 3 3 719
5 5 359 359
2 2 2 723
5 359 7 359
2 3 3 723
7 7 359 359
2 2 2 727
7 359 9 359
2 3 3 727
9 9 359 359
2 3 5 727
9 359 3 367
2 2 2 733
3 3 367 367
2 3 3 733
3 367 5 367
2 3 5 733
5 5 367 367
2 2 2 739
5 367 7 367
2 3 3 739
7 7 367 367
2 2 2 743
7 367 3 373
2 3 3 743
3 3 373 373
2 3 5 743
3 373 5 373
2 3 7 743
5 5 373 373
2 2 2 751
5 373 7 373
2 2 2 753
7 7 373 373
2 3 3 753
7 373 3 379
2 2 2 757
3 3 379 379
2 3 3 757
3 379 3 381
2 2 2 761
3 3 381 381
2 3 3 761
3 381 3 383
2 3 5 761
3 3 383 383
2 3 7 761
3 383 5 383
2 2 2 769
5 5 383 383
2 2 2 771
5 383 7 383
2 2 2 773
7 7 383 383
2 3 3 773
7 383 3 389
2 3 5 773
3 3 389 389
2 3 7 773
3 389 5 389
2 3 9 773
5 5 389 389
2 3 11 773
5 389 3 393
2 3 13 773
3 3 393 393
2 2 2 787
3 393 5 393
2 2 2 789
5 5 393 393
2 3 3 789
5 393 3 397
2 3 5 789
3 3 397 397
2 3 7 789
3 397 5 397
2 2 2 797
5 5 397 397
2 3 3 797
5 397 3 401
2 3 5 797
3 3 401 401
2 3 7 797
3 401 5 401
2 3 9 797
5 5 401 401
2 2 2 807
5 401 7 401
2 2 2 809
7 7 401 401
2 2 2 811
7 401 9 401
2 2 2 813
9 9 401 401
2 3 3 813
9 401 3 409
2 3 5 813
3 3 409 409
2 3 7 813
3 409 3 411
2 2 2 821
3 3 411 411
2 2 2 823
3 411 5 411
2 3 3 823
5 5 411 411
2 2 2 827
5 411 7 411
2 2 2 829
7 7 411 411
2 2 2 831
7 411 3 417
2 3 3 831
3 3 417 417
2 3 5 831
3 417 3 419
2 3 7 831
3 3 419 419
2 2 2 839
3 419 3 421
2 3 3 839
3 3 421 421
2 2 2 843
3 421 5 421
2 3 3 843
5 5 421 421
2 3 5 843
5 421 7 421
2 2 2 849
7 7 421 421
2 3 3 849
7 421 9 421
2 2 2 853
9 9 421 421
2 3 3 853
9 421 11 421
2 2 2 857
11 11 421 421
2 2 2 859
11 421 3 431
2 3 3 859
3 3 431 431
2 2 2 863
3 431 3 433
2 3 3 863
3 3 433 433
2 3 5 863
3 433 5 433
2 3 7 863
5 5 433 433
2 3 9 863
5 433 7 433
2 3 11 863
7 7 433 433
2 3 13 863
7 433 3 439
2 2 2 877
3 3 439 439
2 2 2 879
3 439 5 439
2 2 2 881
5 5 439 439
2 2 2 883
5 439 3 443
2 3 3 883
3 3 443 443
2 2 2 887
3 443 5 443
2 3 3 887
5 5 443 443
2 3 5 887
5 443 3 447
2 3 7 887
3 3 447 447
2 3 9 887
3 447 3 449
2 3 11 887
3 3 449 449
2 3 13 887
3 449 5 449
2 3 15 887
5 5 449 449
2 3 17 887
5 449 3 453
2 3 19 887
3 3 453 453
2 2 2 907
3 453 5 453
2 3 3 907
5 5 453 453
2 2 2 911
5 453 3 457
2 3 3 911
3 3 457 457
2 3 5 911
3 457 5 457
2 3 7 911
5 5 457 457
2 2 2 919
5 457 3 461
2 2 2 921
3 3 461 461
2 3 3 921
3 461 3 463
2 3 5 921
3 3 463 463
2 3 7 921
3 463 5 463
2 2 2 929
5 5 463 463
2 3 3 929
5 463 3 467
2 2 2 933
3 3 467 467
2 3 3 933
3 467 5 467
2 2 2 937
5 5 467 467
2 2 2 939
5 467 3 471
2 2 2 941
3 3 471 471
2 3 3 941
3 471 5 471
2 3 5 941
5 5 471 471
2 2 2 947
5 471 7 471
2 3 3 947
7 7 471 471
2 2 2 951
7 471 9 471
2 2 2 953
9 9 471 471
2 3 3 953
9 471 3 479
2 3 5 953
3 3 479 479
2 3 7 953
3 479 5 479
2 3 9 953
5 5 479 479
2 3 11 953
5 479 7 479
2 3 13 953
7 7 479 479
2 2 2 967
7 479 9 479
2 3 3 967
9 9 479 479
2 2 2 971
9 479 3 487
2 3 3 971
3 3 487 487
2 3 5 971
3 487 3 489
2 2 2 977
3 3 489 489
2 3 3 977
3 489 3 491
2 3 5 977
3 3 491 491
2 2 2 983
3 491 5 491
2 3 3 983
5 5 491 491
2 3 5 983
5 491 7 491
2 3 7 983
7 7 491 491
2 2 2 991
7 491 9 491
2 2 2 993
9 9 491 491
2 3 3 993
9 491 3 499
2 2 2 997
3 3 499 499
2 3 3 997
3 499 3 501
2 3 5 997
3 3 501 501
2 3 7 997
3 501 3 503
2 3 9 997
3 3 503 503
2 3 11 997
3 503 5 503
2 2 2 1009
5 5 503 503
2 2 2 1011
5 503 7 503
2 2 2 1013
7 7 503 503
2 3 3 1013
7 503 3 509
2 3 5 1013
3 3 509 509
2 2 2 1019
3 509 5 509
2 2 2 1021
5 5 509 509
2 3 3 1021
5 509 7 509
2 3 5 1021
7 7 509 509
2 3 7 1021
7 509 9 509
2 3 9 1021
9 9 509 509
2 2 2 1031
9 509 11 509
2 2 2 1033
11 11 509 509
2 3 3 1033
11 509 3 519
2 3 5 1033
3 3 519 519
2 2 2 1039
3 519 3 521
2 2 2 1041
3 3 521 521
2 3 3 1041
3 521 3 523
2 3 5 1041
3 3 523 523
2 2 2 1047
3 523 5 523
2 2 2 1049
5 5 523 523
2 2 2 1051
5 523 7 523
2 3 3 1051
7 7 523 523
2 3 5 1051
7 523 9 523
2 3 7 1051
9 9 523 523
2 2 2 1059
9 523 11 523
2 2 2 1061
11 11 523 523
2 2 2 1063
11 523 13 523
2 3 3 1063
13 13 523 523
2 3 5 1063
13 523 15 523
2 2 2 1069
15 15 523 523
2 3 3 1069
15 523 3 537
2 3 5 1069
3 3 537 537
2 3 7 1069
3 537 5 537
2 2 2 1077
5 5 537 537
2 3 3 1077
5 537 3 541
2 3 5 1077
3 3 541 541
2 3 7 1077
3 541 3 543
2 3 9 1077
3 3 543 543
2 2 2 1087
3 543 5 543
2 3 3 1087
5 5 543 543
2 2 2 1091
5 543 3 547
2 2 2 1093
3 3 547 547
2 3 3 1093
3 547 5 547
2 2 2 1097
5 5 547 547
2 3 3 1097
5 547 7 547
2 2 2 1101
7 7 547 547
2 2 2 1103
7 547 9 547
2 3 3 1103
9 9 547 547
2 3 5 1103
9 547 11 547
2 2 2 1109
11 11 547 547
2 3 3 1109
11 547 3 557
2 3 5 1109
3 3 557 557
2 3 7 1109
3 557 5 557
2 2 2 1117
5 5 557 557
2 2 2 1119
5 557 7 557
2 3 3 1119
7 7 557 557
2 2 2 1123
7 557 3 563
2 3 3 1123
3 3 563 563
2 3 5 1123
3 563 5 563
2 2 2 1129
5 5 563 563
2 3 3 1129
5 563 7 563
2 3 5 1129
7 7 563 563
2 3 7 1129
7 563 3 569
2 2 2 1137
3 3 569 569
2 3 3 1137
3 569 3 571
2 3 5 1137
3 3 571 571
2 3 7 1137
3 571 3 573
2 3 9 1137
3 3 573 573
2 3 11 1137
3 573 5 573
2 2 2 1149
5 5 573 573
2 2 2 1151
5 573 3 577
2 2 2 1153
3 3 577 577
2 3 3 1153
3 577 3 579
2 3 5 1153
3 3 579 579
2 3 7 1153
3 579 5 579
2 3 9 1153
5 5 579 579
2 2 2 1163
5 579 7 579
2 3 3 1163
7 7 579 579
2 2 2 1167
7 579 9 579
2 3 3 1167
9 9 579 579
2 2 2 1171
9 579 3 587
2 3 3 1171
3 3 587 587
2 3 5 1171
3 587 5 587
2 3 7 1171
5 5 587 587
2 3 9 1171
5 587 3 591
2 2 2 1181
3 3 591 591
2 3 3 1181
3 591 3 593
2 3 5 1181
3 3 593 593
2 2 2 1187
3 593 5 593
2 3 3 1187
5 5 593 593
2 2 2 1191
5 593 3 597
2 2 2 1193
3 3 597 597
2 3 3 1193
3 597 3 599
2 3 5 1193
3 3 599 599
2 3 7 1193
3 599 3 601
2 2 2 1201
3 3 601 601
2 2 2 1203
3 601 5 601
2 3 3 1203
5 5 601 601
2 3 5 1203
5 601 7 601
2 3 7 1203
7 7 601 601
2 3 9 1203
7 601 3 607
2 2 2 1213
3 3 607 607
2 3 3 1213
3 607 5 607
2 2 2 1217
5 5 607 607
2 3 3 1217
5 607 7 607
2 3 5 1217
7 7 607 607
2 2 2 1223
7 607 3 613
2 3 3 1223
3 3 613 613
2 2 2 1227
3 613 5 613
2 2 2 1229
5 5 613 613
2 2 2 1231
5 613 3 617
2 3 3 1231
3 3 617 617
2 3 5 1231
3 617 3 619
2 2 2 1237
3 3 619 619
2 3 3 1237
3 619 5 619
2 3 5 1237
5 5 619 619
2 3 7 1237
5 619 7 619
2 3 9 1237
7 7 619 619
2 3 11 1237
7 619 9 619
2 2 2 1249
9 9 619 619
2 3 3 1249
9 619 11 619
2 3 5 1249
11 11 619 619
2 3 7 1249
11 619 13 619
2 2 2 1257
13 13 619 619
2 2 2 1259
13 619 3 631
2 3 3 1259
3 3 631 631
2 2 2 1263
3 631 3 633
2 3 3 1263
3 3 633 633
2 3 5 1263
3 633 5 633
2 3 7 1263
5 5 633 633
2 3 9 1263
5 633 7 633
2 3 11 1263
7 7 633 633
2 3 13 1263
7 633 9 633
2 2 2 1277
9 9 633 633
2 2 2 1279
9 633 3 641
2 3 3 1279
3 3 641 641
2 2 2 1283
3 641 3 643
2 3 3 1283
3 3 643 643
2 3 5 1283
3 643 5 643
2 2 2 1289
5 5 643 643
2 2 2 1291
5 643 3 647
2 2 2 1293
3 3 647 647
2 3 3 1293
3 647 5 647
2 2 2 1297
5 5 647 647
2 2 2 1299
5 647 7 647
2 2 2 1301
7 7 647 647
2 2 2 1303
7 647 3 653
2 3 3 1303
3 3 653 653
2 2 2 1307
3 653 5 653
2 3 3 1307
5 5 653 653
2 3 5 1307
5 653 7 653
2 3 7 1307
7 7 653 653
2 3 9 1307
7 653 3 659
2 2 2 1317
3 3 659 659
2 2 2 1319
3 659 3 661
2 2 2 1321
3 3 661 661
2 3 3 1321
3 661 5 661
2 3 5 1321
5 5 661 661
2 2 2 1327
5 661 7 661
2 2 2 1329
7 7 661 661
2 3 3 1329
7 661 9 661
2 3 5 1329
9 9 661 661
2 3 7 1329
9 661 3 669
2 3 9 1329
3 3 669 669
2 3 11 1329
3 669 5 669
2 3 13 1329
5 5 669 669
2 3 15 1329
5 669 3 673
2 3 17 1329
3 3 673 673
2 2 2 1347
3 673 5 673
2 3 3 1347
5 5 673 673
2 3 5 1347
5 673 3 677
2 3 7 1347
3 3 677 677
2 3 9 1347
3 677 5 677
2 3 11 1347
5 5 677 677
2 3 13 1347
5 677 3 681
2 2 2 1361
3 3 681 681
2 3 3 1361
3 681 3 683
2 3 5 1361
3 3 683 683
2 2 2 1367
3 683 5 683
2 3 3 1367
5 5 683 683
2 2 2 1371
5 683 3 687
2 2 2 1373
3 3 687 687
2 3 3 1373
3 687 5 687
2 3 5 1373
5 5 687 687
2 3 7 1373
5 687 3 691
2 2 2 1381
3 3 691 691
2 2 2 1383
3 691 5 691
2 3 3 1383
5 5 691 691
2 3 5 1383
5 691 7 691
2 2 2 1389
7 7 691 691
2 3 3 1389
7 691 9 691
2 3 5 1389
9 9 691 691
2 3 7 1389
9 691 3 699
2 3 9 1389
3 3 699 699
2 2 2 1399
3 699 3 701
2 2 2 1401
3 3 701 701
2 3 3 1401
3 701 5 701
2 3 5 1401
5 5 701 701
2 3 7 1401
5 701 7 701
2 2 2 1409
7 7 701 701
2 3 3 1409
7 701 9 701
2 3 5 1409
9 9 701 701
2 3 7 1409
9 701 3 709
2 3 9 1409
3 3 709 709
2 3 11 1409
3 709 5 709
2 3 13 1409
5 5 709 709
2 2 2 1423
5 709 7 709
2 3 3 1423
7 7 709 709
2 2 2 1427
7 709 9 709
2 2 2 1429
9 9 709 709
2 3 3 1429
9 709 3 717
2 2 2 1433
3 3 717 717
2 3 3 1433
3 717 3 719
2 2 2 1437
3 3 719 719
2 2 2 1439
3 719 5 719
2 3 3 1439
5 5 719 719
2 3 5 1439
5 719 3 723
2 3 7 1439
3 3 723 723
2 2 2 1447
3 723 5 723
2 3 3 1447
5 5 723 723
2 2 2 1451
5 723 3 727
2 2 2 1453
3 3 727 727
2 3 3 1453
3 727 5 727
2 3 5 1453
5 5 727 727
2 2 2 1459
5 727 7 727
2 2 2 1461
7 7 727 727
2 3 3 1461
7 727 3 733
2 3 5 1461
3 3 733 733
2 3 7 1461
3 733 5 733
2 3 9 1461
5 5 733 733
2 2 2 1471
5 733 7 733
2 2 2 1473
7 7 733 733
2 3 3 1473
7 733 3 739
2 3 5 1473
3 3 739 739
2 3 7 1473
3 739 5 739
2 2 2 1481
5 5 739 739
2 2 2 1483
5 739 3 743
2 3 3 1483
3 3 743 743
2 2 2 1487
3 743 5 743
2 2 2 1489
5 5 743 743
2 3 3 1489
5 743 7 743
2 2 2 1493
7 7 743 743
2 3 3 1493
7 743 9 743
2 2 2 1497
9 9 743 743
2 2 2 1499
9 743 3 751
2 3 3 1499
3 3 751 751
2 3 5 1499
3 751 3 753
2 3 7 1499
3 3 753 753
2 3 9 1499
3 753 5 753
2 2 2 1509
5 5 753 753
2 2 2 1511
5 753 3 757
2 3 3 1511
3 3 757 757
2 3 5 1511
3 757 5 757
2 3 7 1511
5 5 757 757
2 3 9 1511
5 757 3 761
2 3 11 1511
3 3 761 761
2 2 2 1523
3 761 5 761
2 3 3 1523
5 5 761 761
2 2 2 1527
5 761 7 761
2 3 3 1527
7 7 761 761
2 2 2 1531
7 761 9 761
2 3 3 1531
9 9 761 761
2 3 5 1531
9 761 3 769
2 3 7 1531
3 3 769 769
2 3 9 1531
3 769 3 771
2 3 11 1531
3 3 771 771
2 2 2 1543
3 771 3 773
2 3 3 1543
3 3 773 773
2 3 5 1543
3 773 5 773
2 2 2 1549
5 5 773 773
2 3 3 1549
5 773 7 773
2 2 2 1553
7 7 773 773
2 3 3 1553
7 773 9 773
2 3 5 1553
9 9 773 773
2 2 2 1559
9 773 11 773
2 3 3 1559
11 11 773 773
2 2 2 1563
11 773 13 773
2 3 3 1563
13 13 773 773
2 2 2 1567
13 773 15 773
2 2 2 1569
15 15 773 773
2 2 2 1571
15 773 3 787
2 3 3 1571
3 3 787 787
2 3 5 1571
3 787 3 789
2 3 7 1571
3 3 789 789
2 2 2 1579
3 789 5 789
2 3 3 1579
5 5 789 789
2 2 2 1583
5 789 7 789
2 3 3 1583
7 7 789 789
2 3 5 1583
7 789 9 789
2 3 7 1583
9 9 789 789
2 3 9 1583
9 789 3 797
2 3 11 1583
3 3 797 797
2 3 13 1583
3 797 5 797
2 2 2 1597
5 5 797 797
2 3 3 1597
5 797 7 797
2 2 2 1601
7 7 797 797
2 3 3 1601
7 797 9 797
2 3 5 1601
9 9 797 797
2 2 2 1607
9 797 11 797
2 2 2 1609
11 11 797 797
2 3 3 1609
11 797 3 807
2 2 2 1613
3 3 807 807
2 3 3 1613
3 807 3 809
2 3 5 1613
3 3 809 809
2 2 2 1619
3 809 3 811
2 2 2 1621
3 3 811 811
2 2 2 1623
3 811 3 813
2 3 3 1623
3 3 813 813
2 2 2 1627
3 813 5 813
2 3 3 1627
5 5 813 813
2 3 5 1627
5 813 7 813
2 3 7 1627
7 7 813 813
2 3 9 1627
7 813 9 813
2 2 2 1637
9 9 813 813
2 3 3 1637
9 813 3 821
2 2 2 1641
3 3 821 821
2 3 3 1641
3 821 3 823
2 3 5 1641
3 3 823 823
2 3 7 1641
3 823 5 823
2 3 9 1641
5 5 823 823
2 3 11 1641
5 823 3 827
2 3 13 1641
3 3 827 827
2 3 15 1641
3 827 3 829
2 2 2 1657
3 3 829 829
2 3 3 1657
3 829 3 831
2 3 5 1657
3 3 831 831
2 2 2 1663
3 831 5 831
2 3 3 1663
5 5 831 831
2 2 2 1667
5 831 7 831
2 2 2 1669
7 7 831 831
2 2 2 1671
7 831 9 831
2 3 3 1671
9 9 831 831
2 3 5 1671
9 831 3 839
2 3 7 1671
3 3 839 839
2 3 9 1671
3 839 5 839
2 3 11 1671
5 5 839 839
2 3 13 1671
5 839 3 843
2 3 15 1671
3 3 843 843
2 3 17 1671
3 843 5 843
2 2 2 1689
5 5 843 843
2 3 3 1689
5 843 7 843
2 2 2 1693
7 7 843 843
2 3 3 1693
7 843 3 849
2 2 2 1697
3 3 849 849
2 2 2 1699
3 849 5 849
2 3 3 1699
5 5 849 849
2 3 5 1699
5 849 3 853
2 3 7 1699
3 3 853 853
2 2 2 1707
3 853 5 853
2 2 2 1709
5 5 853 853
2 3 3 1709
5 853 3 857
2 2 2 1713
3 3 857 857
2 3 3 1713
3 857 3 859
2 3 5 1713
3 3 859 859
2 3 7 1713
3 859 5 859
2 2 2 1721
5 5 859 859
2 2 2 1723
5 859 3 863
2 3 3 1723
3 3 863 863
2 3 5 1723
3 863 5 863
2 3 7 1723
5 5 863 863
2 2 2 1731
5 863 7 863
2 2 2 1733
7 7 863 863
2 3 3 1733
7 863 9 863
2 3 5 1733
9 9 863 863
2 3 7 1733
9 863 11 863
2 2 2 1741
11 11 863 863
2 3 3 1741
11 863 13 863
2 3 5 1741
13 13 863 863
2 2 2 1747
13 863 15 863
2 3 3 1747
15 15 863 863
2 3 5 1747
15 863 3 877
2 2 2 1753
3 3 877 877
2 3 3 1753
3 877 3 879
2 3 5 1753
3 3 879 879
2 2 2 1759
3 879 3 881
2 2 2 1761
3 3 881 881
2 3 3 1761
3 881 3 883
2 3 5 1761
3 3 883 883
2 3 7 1761
3 883 5 883
2 3 9 1761
5 5 883 883
2 3 11 1761
5 883 3 887
2 3 13 1761
3 3 887 887
2 3 15 1761
3 887 5 887
2 2 2 1777
5 5 887 887
2 2 2 1779
5 887 7 887
2 3 3 1779
7 7 887 887
2 2 2 1783
7 887 9 887
2 3 3 1783
9 9 887 887
2 2 2 1787
9 887 11 887
2 2 2 1789
11 11 887 887
2 3 3 1789
11 887 13 887
2 3 5 1789
13 13 887 887
2 3 7 1789
13 887 15 887
2 2 2 1797
15 15 887 887
2 3 3 1797
15 887 17 887
2 2 2 1801
17 17 887 887
2 2 2 1803
17 887 19 887
2 3 3 1803
19 19 887 887
2 3 5 1803
19 887 21 887
2 3 7 1803
21 21 887 887
2 2 2 1811
21 887 3 907
2 3 3 1811
3 3 907 907
2 3 5 1811
3 907 5 907
2 3 7 1811
5 5 907 907
2 3 9 1811
5 907 3 911
2 2 2 1821
3 3 911 911
2 2 2 1823
3 911 5 911
2 3 3 1823
5 5 911 911
2 3 5 1823
5 911 7 911
2 3 7 1823
7 7 911 911
2 2 2 1831
7 911 9 911
2 3 3 1831
9 9 911 911
2 3 5 1831
9 911 3 919
2 3 7 1831
3 3 919 919
2 2 2 1839
3 919 3 921
2 3 3 1839
3 3 921 921
2 3 5 1839
3 921 5 921
2 3 7 1839
5 5 921 921
2 2 2 1847
5 921 7 921
2 3 3 1847
7 7 921 921
2 2 2 1851
7 921 9 921
2 3 3 1851
9 9 921 921
2 3 5 1851
9 921 3 929
2 2 2 1857
3 3 929 929
2 3 3 1857
3 929 5 929
2 2 2 1861
5 5 929 929
2 3 3 1861
5 929 3 933
2 3 5 1861
3 3 933 933
2 2 2 1867
3 933 5 933
2 3 3 1867
5 5 933 933
2 2 2 1871
5 933 3 937
2 2 2 1873
3 3 937 937
2 3 3 1873
3 937 3 939
2 2 2 1877
3 3 939 939
2 2 2 1879
3 939 3 941
2 3 3 1879
3 3 941 941
2 3 5 1879
3 941 5 941
2 3 7 1879
5 5 941 941
2 3 9 1879
5 941 7 941
2 2 2 1889
7 7 941 941
2 3 3 1889
7 941 3 947
2 2 2 1893
3 3 947 947
2 3 3 1893
3 947 5 947
2 3 5 1893
5 5 947 947
2 3 7 1893
5 947 3 951
2 2 2 1901
3 3 951 951
2 3 3 1901
3 951 3 953
2 3 5 1901
3 3 953 953
2 2 2 1907
3 953 5 953
2 3 3 1907
5 5 953 953
2 3 5 1907
5 953 7 953
2 2 2 1913
7 7 953 953
2 3 3 1913
7 953 9 953
2 3 5 1913
9 9 953 953
2 3 7 1913
9 953 11 953
2 3 9 1913
11 11 953 953
2 2 2 1923
11 953 13 953
2 3 3 1923
13 13 953 953
2 3 5 1923
13 953 15 953
2 2 2 1929
15 15 953 953
2 2 2 1931
15 953 3 967
2 2 2 1933
3 3 967 967
2 3 3 1933
3 967 5 967
2 3 5 1933
5 5 967 967
2 3 7 1933
5 967 3 971
2 2 2 1941
3 3 971 971
2 3 3 1941
3 971 5 971
2 3 5 1941
5 5 971 971
2 3 7 1941
5 971 7 971
2 2 2 1949
7 7 971 971
2 2 2 1951
7 971 3 977
2 3 3 1951
3 3 977 977
2 3 5 1951
3 977 5 977
2 3 7 1951
5 5 977 977
2 2 2 1959
5 977 7 977
2 3 3 1959
7 7 977 977
2 3 5 1959
7 977 3 983
2 3 7 1959
3 3 983 983
2 3 9 1959
3 983 5 983
2 3 11 1959
5 5 983 983
2 3 13 1959
5 983 7 983
2 2 2 1973
7 7 983 983
2 3 3 1973
7 983 9 983
2 2 2 1977
9 9 983 983
2 2 2 1979
9 983 3 991
2 3 3 1979
3 3 991 991
2 2 2 1983
3 991 3 993
2 3 3 1983
3 3 993 993
2 2 2 1987
3 993 5 993
2 3 3 1987
5 5 993 993
2 3 5 1987
5 993 3 997
2 2 2 1993
3 3 997 997
2 3 3 1993
3 997 5 997
2 2 2 1997
5 5 997 997
2 2 2 1999
5 997 7 997
2 3 3 1999
7 7 997 997
2 2 2 2003
7 997 9 997
2 3 3 2003
9 9 997 997
2 3 5 2003
9 997 11 997
2 3 7 2003
11 11 997 997
2 2 2 2011
11 997 13 997
2 3 3 2011
13 13 997 997
2 3 5 2011
13 997 3 1009
2 2 2 2017
3 3 1009 1009
2 2 2 2019
3 1009 3 1011
2 3 3 2019
3 3 1011 1011
2 3 5 2019
3 1011 3 1013
2 3 7 2019
3 3 1013 1013
2 2 2 2027
3 1013 5 1013
2 2 2 2029
5 5 1013 1013
2 2 2 2031
5 1013 7 1013
2 3 3 2031
7 7 1013 1013
2 3 5 2031
7 1013 3 1019
2 3 7 2031
3 3 1019 1019
2 2 2 2039
3 1019 3 1021
2 3 3 2039
3 3 1021 1021
2 3 5 2039
3 1021 5 1021
2 3 7 2039
5 5 1021 1021
2 3 9 2039
5 1021 7 1021
2 2 2 2049
7 7 1021 1021
2 3 3 2049
7 1021 9 1021
2 2 2 2053
9 9 1021 1021
2 3 3 2053
9 1021 11 1021
2 3 5 2053
11 11 1021 1021
2 3 7 2053
11 1021 3 1031
2 3 9 2053
3 3 1031 1031
2 2 2 2063
3 1031 3 1033
2 3 3 2063
3 3 1033 1033
2 3 5 2063
3 1033 5 1033
2 2 2 2069
5 5 1033 1033
2 3 3 2069
5 1033 7 1033
2 2 2 2073
7 7 1033 1033
2 3 3 2073
7 1033 3 1039
2 3 5 2073
3 3 1039 1039
2 3 7 2073
3 1039 3 1041
2 2 2 2081
3 3 1041 1041
2 2 2 2083
3 1041 5 1041
2 3 3 2083
5 5 1041 1041
2 2 2 2087
5 1041 7 1041
2 2 2 2089
7 7 1041 1041
2 3 3 2089
7 1041 3 1047
2 3 5 2089
3 3 1047 1047
2 3 7 2089
3 1047 3 1049
2 3 9 2089
3 3 1049 1049
2 2 2 2099
3 1049 3 1051
2 3 3 2099
3 3 1051 1051
2 2 2 2103
3 1051 5 1051
2 3 3 2103
5 5 1051 1051
2 3 5 2103
5 1051 7 1051
2 3 7 2103
7 7 1051 1051
2 2 2 2111
7 1051 9 1051
2 2 2 2113
9 9 1051 1051
2 3 3 2113
9 1051 3 1059
2 3 5 2113
3 3 1059 1059
2 3 7 2113
3 1059 3 1061
2 3 9 2113
3 3 1061 1061
2 3 11 2113
3 1061 3 1063
2 3 13 2113
3 3 1063 1063
2 2 2 2127
3 1063 5 1063
2 2 2 2129
5 5 1063 1063
2 2 2 2131
5 1063 7 1063
2 3 3 2131
7 7 1063 1063
2 3 5 2131
7 1063 3 1069
2 2 2 2137
3 3 1069 1069
2 3 3 2137
3 1069 5 1069
2 2 2 2141
5 5 1069 1069
2 2 2 2143
5 1069 7 1069
2 3 3 2143
7 7 1069 1069
2 3 5 2143
7 1069 9 1069
2 3 7 2143
9 9 1069 1069
2 3 9 2143
9 1069 3 1077
2 2 2 2153
3 3 1077 1077
2 3 3 2153
3 1077 5 1077
2 2 2 2157
5 5 1077 1077
2 3 3 2157
5 1077 7 1077
2 2 2 2161
7 7 1077 1077
2 3 3 2161
7 1077 9 1077
2 3 5 2161
9 9 1077 1077
2 3 7 2161
9 1077 11 1077
2 3 9 2161
11 11 1077 1077
2 3 11 2161
11 1077 3 1087
2 3 13 2161
3 3 1087 1087
2 3 15 2161
3 1087 5 1087
2 3 17 2161
5 5 1087 1087
2 2 2 2179
5 1087 3 1091
2 2 2 2181
3 3 1091 1091
2 3 3 2181
3 1091 3 1093
2 3 5 2181
3 3 1093 1093
2 3 7 2181
3 1093 5 1093
2 3 9 2181
5 5 1093 1093
2 3 11 2181
5 1093 3 1097
2 3 13 2181
3 3 1097 1097
2 3 15 2181
3 1097 5 1097
2 3 17 2181
5 5 1097 1097
2 2 2 2199
5 1097 3 1101
2 3 3 2199
3 3 1101 1101
2 2 2 2203
3 1101 3 1103
2 3 3 2203
3 3 1103 1103
2 2 2 2207
3 1103 5 1103
2 3 3 2207
5 5 1103 1103
2 3 5 2207
5 1103 7 1103
2 2 2 2213
7 7 1103 1103
2 3 3 2213
7 1103 3 1109
2 2 2 2217
3 3 1109 1109
2 3 3 2217
3 1109 5 1109
2 2 2 2221
5 5 1109 1109
2 3 3 2221
5 1109 7 1109
2 3 5 2221
7 7 1109 1109
2 3 7 2221
7 1109 9 1109
2 2 2 2229
9 9 1109 1109
2 3 3 2229
9 1109 3 1117
2 3 5 2229
3 3 1117 1117
2 3 7 2229
3 1117 3 1119
2 2 2 2237
3 3 1119 1119
2 2 2 2239
3 1119 5 1119
2 3 3 2239
5 5 1119 1119
2 2 2 2243
5 1119 3 1123
2 3 3 2243
3 3 1123 1123
2 3 5 2243
3 1123 5 1123
2 3 7 2243
5 5 1123 1123
2 2 2 2251
5 1123 7 1123
2 2 2 2253
7 7 1123 1123
2 3 3 2253
7 1123 3 1129
2 3 5 2253
3 3 1129 1129
2 3 7 2253
3 1129 5 1129
2 3 9 2253
5 5 1129 1129
2 3 11 2253
5 1129 7 1129
2 3 13 2253
7 7 1129 1129
2 2 2 2267
7 1129 9 1129
2 2 2 2269
9 9 1129 1129
2 2 2 2271
9 1129 3 1137
2 2 2 2273
3 3 1137 1137
2 3 3 2273
3 1137 5 1137
2 3 5 2273
5 5 1137 1137
2 3 7 2273
5 1137 7 1137
2 2 2 2281
7 7 1137 1137
2 2 2 2283
7 1137 9 1137
2 3 3 2283
9 9 1137 1137
2 2 2 2287
9 1137 11 1137
2 3 3 2287
11 11 1137 1137
2 3 5 2287
11 1137 13 1137
2 2 2 2293
13 13 1137 1137
2 3 3 2293
13 1137 3 1149
2 2 2 2297
3 3 1149 1149
2 3 3 2297
3 1149 3 1151
2 3 5 2297
3 3 1151 1151
2 3 7 2297
3 1151 3 1153
2 3 9 2297
3 3 1153 1153
2 2 2 2307
3 1153 5 1153
2 2 2 2309
5 5 1153 1153
2 2 2 2311
5 1153 7 1153
2 3 3 2311
7 7 1153 1153
2 3 5 2311
7 1153 9 1153
2 3 7 2311
9 9 1153 1153
2 2 2 2319
9 1153 11 1153
2 3 3 2319
11 11 1153 1153
2 3 5 2319
11 1153 3 1163
2 3 7 2319
3 3 1163 1163
2 3 9 2319
3 1163 5 1163
2 3 11 2319
5 5 1163 1163
2 3 13 2319
5 1163 3 1167
2 2 2 2333
3 3 1167 1167
2 3 3 2333
3 1167 5 1167
2 3 5 2333
5 5 1167 1167
2 2 2 2339
5 1167 3 1171
2 2 2 2341
3 3 1171 1171
2 3 3 2341
3 1171 5 1171
2 3 5 2341
5 5 1171 1171
2 2 2 2347
5 1171 7 1171
2 3 3 2347
7 7 1171 1171
2 2 2 2351
7 1171 9 1171
2 3 3 2351
9 9 1171 1171
2 3 5 2351
9 1171 11 1171
2 2 2 2357
11 11 1171 1171
2 3 3 2357
11 1171 3 1181
2 2 2 2361
3 3 1181 1181
2 3 3 2361
3 1181 5 1181
2 3 5 2361
5 5 1181 1181
2 3 7 2361
5 1181 7 1181
2 3 9 2361
7 7 1181 1181
2 2 2 2371
7 1181 3 1187
2 3 3 2371
3 3 1187 1187
2 3 5 2371
3 1187 5 1187
2 2 2 2377
5 5 1187 1187
2 3 3 2377
5 1187 3 1191
2 2 2 2381
3 3 1191 1191
2 2 2 2383
3 1191 3 1193
2 3 3 2383
3 3 1193 1193
2 3 5 2383
3 1193 5 1193
2 2 2 2389
5 5 1193 1193
2 2 2 2391
5 1193 7 1193
2 2 2 2393
7 7 1193 1193
2 3 3 2393
7 1193 9 1193
2 3 5 2393
9 9 1193 1193
2 2 2 2399
9 1193 3 1201
2 3 3 2399
3 3 1201 1201
2 3 5 2399
3 1201 3 1203
2 3 7 2399
3 3 1203 1203
2 3 9 2399
3 1203 5 1203
2 3 11 2399
5 5 1203 1203
2 2 2 2411
5 1203 7 1203
2 3 3 2411
7 7 1203 1203
2 3 5 2411
7 1203 9 1203
2 2 2 2417
9 9 1203 1203
2 3 3 2417
9 1203 11 1203
2 3 5 2417
11 11 1203 1203
2 2 2 2423
11 1203 3 1213
2 3 3 2423
3 3 1213 1213
2 2 2 2427
3 1213 5 1213
2 3 3 2427
5 5 1213 1213
2 3 5 2427
5 1213 3 1217
2 2 2 2433
3 3 1217 1217
2 3 3 2433
3 1217 5 1217
2 2 2 2437
5 5 1217 1217
2 3 3 2437
5 1217 7 1217
2 2 2 2441
7 7 1217 1217
2 3 3 2441
7 1217 3 1223
2 3 5 2441
3 3 1223 1223
2 2 2 2447
3 1223 5 1223
2 3 3 2447
5 5 1223 1223
2 3 5 2447
5 1223 3 1227
2 3 7 2447
3 3 1227 1227
2 3 9 2447
3 1227 3 1229
2 3 11 2447
3 3 1229 1229
2 2 2 2459
3 1229 3 1231
2 3 3 2459
3 3 1231 1231
2 2 2 2463
3 1231 5 1231
2 3 3 2463
5 5 1231 1231
2 2 2 2467
5 1231 7 1231
2 2 2 2469
7 7 1231 1231
2 3 3 2469
7 1231 3 1237
2 2 2 2473
3 3 1237 1237
2 3 3 2473
3 1237 5 1237
2 2 2 2477
5 5 1237 1237
2 3 3 2477
5 1237 7 1237
2 2 2 2481
7 7 1237 1237
2 3 3 2481
7 1237 9 1237
2 3 5 2481
9 9 1237 1237
2 2 2 2487
9 1237 11 1237
2 3 3 2487
11 11 1237 1237
2 3 5 2487
11 1237 13 1237
2 3 7 2487
13 13 1237 1237
2 3 9 2487
13 1237 3 1249
2 3 11 2487
3 3 1249 1249
2 3 13 2487
3 1249 5 1249
2 3 15 2487
5 5 1249 1249
2 2 2 2503
5 1249 7 1249
2 3 3 2503
7 7 1249 1249
2 3 5 2503
7 1249 9 1249
2 3 7 2503
9 9 1249 1249
2 3 9 2503
9 1249 3 1257
2 3 11 2503
3 3 1257 1257
2 3 13 2503
3 1257 3 1259
2 2 2 2517
3 3 1259 1259
2 3 3 2517
3 1259 5 1259
2 2 2 2521
5 5 1259 1259
2 3 3 2521
5 1259 3 1263
2 3 5 2521
3 3 1263 1263
2 3 7 2521
3 1263 5 1263
2 3 9 2521
5 5 1263 1263
2 2 2 2531
5 1263 7 1263
2 3 3 2531
7 7 1263 1263
2 3 5 2531
7 1263 9 1263
2 3 7 2531
9 9 1263 1263
2 2 2 2539
9 1263 11 1263
2 3 3 2539
11 11 1263 1263
2 2 2 2543
11 1263 13 1263
2 3 3 2543
13 13 1263 1263
2 3 5 2543
13 1263 15 1263
2 2 2 2549
15 15 1263 1263
2 2 2 2551
15 1263 3 1277
2 3 3 2551
3 3 1277 1277
2 3 5 2551
3 1277 3 1279
2 2 2 2557
3 3 1279 1279
2 2 2 2559
3 1279 5 1279
2 3 3 2559
5 5 1279 1279
2 3 5 2559
5 1279 3 1283
2 3 7 2559
3 3 1283 1283
2 3 9 2559
3 1283 5 1283
2 3 11 2559
5 5 1283 1283
2 2 2 2571
5 1283 7 1283
2 3 3 2571
7 7 1283 1283
2 3 5 2571
7 1283 3 1289
2 2 2 2577
3 3 1289 1289
2 2 2 2579
3 1289 3 1291
2 3 3 2579
3 3 1291 1291
2 3 5 2579
3 1291 3 1293
2 3 7 2579
3 3 1293 1293
2 3 9 2579
3 1293 5 1293
2 2 2 2589
5 5 1293 1293
2 2 2 2591
5 1293 3 1297
2 2 2 2593
3 3 1297 1297
2 3 3 2593
3 1297 3 1299
2 3 5 2593
3 3 1299 1299
2 3 7 2593
3 1299 3 1301
2 3 9 2593
3 3 1301 1301
2 3 11 2593
3 1301 3 1303
2 3 13 2593
3 3 1303 1303
2 3 15 2593
3 1303 5 1303
2 2 2 2609
5 5 1303 1303
2 3 3 2609
5 1303 3 1307
2 3 5 2609
3 3 1307 1307
2 3 7 2609
3 1307 5 1307
2 2 2 2617
5 5 1307 1307
2 3 3 2617
5 1307 7 1307
2 2 2 2621
7 7 1307 1307
2 3 3 2621
7 1307 9 1307
2 3 5 2621
9 9 1307 1307
2 3 7 2621
9 1307 11 1307
2 3 9 2621
11 11 1307 1307
2 2 2 2631
11 1307 3 1317
2 2 2 2633
3 3 1317 1317
2 3 3 2633
3 1317 3 1319
2 3 5 2633
3 3 1319 1319
2 3 7 2633
3 1319 3 1321
2 3 9 2633
3 3 1321 1321
2 2 2 2643
3 1321 5 1321
2 3 3 2643
5 5 1321 1321
2 2 2 2647
5 1321 7 1321
2 2 2 2649
7 7 1321 1321
2 3 3 2649
7 1321 3 1327
2 3 5 2649
3 3 1327 1327
2 3 7 2649
3 1327 3 1329
2 2 2 2657
3 3 1329 1329
2 2 2 2659
3 1329 5 1329
2 2 2 2661
5 5 1329 1329
2 2 2 2663
5 1329 7 1329
2 3 3 2663
7 7 1329 1329
2 3 5 2663
7 1329 9 1329
2 3 7 2663
9 9 1329 1329
2 2 2 2671
9 1329 11 1329
2 3 3 2671
11 11 1329 1329
2 3 5 2671
11 1329 13 1329
2 2 2 2677
13 13 1329 1329
2 3 3 2677
13 1329 15 1329
2 3 5 2677
15 15 1329 1329
2 2 2 2683
15 1329 17 1329
2 3 3 2683
17 17 1329 1329
2 2 2 2687
17 1329 19 1329
2 2 2 2689
19 19 1329 1329
2 3 3 2689
19 1329 3 1347
2 2 2 2693
3 3 1347 1347
2 3 3 2693
3 1347 5 1347
2 3 5 2693
5 5 1347 1347
2 2 2 2699
5 1347 7 1347
2 3 3 2699
7 7 1347 1347
2 3 5 2699
7 1347 9 1347
2 3 7 2699
9 9 1347 1347
2 2 2 2707
9 1347 11 1347
2 3 3 2707
11 11 1347 1347
2 2 2 2711
11 1347 13 1347
2 2 2 2713
13 13 1347 1347
2 3 3 2713
13 1347 15 1347
2 3 5 2713
15 15 1347 1347
2 2 2 2719
15 1347 3 1361
2 2 2 2721
3 3 1361 1361
2 3 3 2721
3 1361 5 1361
2 3 5 2721
5 5 1361 1361
2 3 7 2721
5 1361 7 1361
2 2 2 2729
7 7 1361 1361
2 2 2 2731
7 1361 3 1367
2 2 2 2733
3 3 1367 1367
2 3 3 2733
3 1367 5 1367
2 3 5 2733
5 5 1367 1367
2 3 7 2733
5 1367 3 1371
2 2 2 2741
3 3 1371 1371
2 3 3 2741
3 1371 3 1373
2 3 5 2741
3 3 1373 1373
2 3 7 2741
3 1373 5 1373
2 2 2 2749
5 5 1373 1373
2 3 3 2749
5 1373 7 1373
2 2 2 2753
7 7 1373 1373
2 3 3 2753
7 1373 9 1373
2 2 2 2757
9 9 1373 1373
2 3 3 2757
9 1373 3 1381
2 3 5 2757
3 3 1381 1381
2 3 7 2757
3 1381 3 1383
2 3 9 2757
3 3 1383 1383
2 2 2 2767
3 1383 5 1383
2 3 3 2767
5 5 1383 1383
2 3 5 2767
5 1383 7 1383
2 3 7 2767
7 7 1383 1383
2 3 9 2767
7 1383 3 1389
2 2 2 2777
3 3 1389 1389
2 3 3 2777
3 1389 5 1389
2 3 5 2777
5 5 1389 1389
2 3 7 2777
5 1389 7 1389
2 3 9 2777
7 7 1389 1389
2 2 2 2787
7 1389 9 1389
2 2 2 2789
9 9 1389 1389
2 2 2 2791
9 1389 11 1389
2 3 3 2791
11 11 1389 1389
2 3 5 2791
11 1389 3 1399
2 2 2 2797
3 3 1399 1399
2 3 3 2797
3 1399 3 1401
2 2 2 2801
3 3 1401 1401
2 2 2 2803
3 1401 5 1401
2 3 3 2803
5 5 1401 1401
2 3 5 2803
5 1401 7 1401
2 3 7 2803
7 7 1401 1401
2 2 2 2811
7 1401 9 1401
2 3 3 2811
9 9 1401 1401
2 3 5 2811
9 1401 3 1409
2 3 7 2811
3 3 1409 1409
2 2 2 2819
3 1409 5 1409
2 3 3 2819
5 5 1409 1409
2 2 2 2823
5 1409 7 1409
2 3 3 2823
7 7 1409 1409
2 3 5 2823
7 1409 9 1409
2 3 7 2823
9 9 1409 1409
2 3 9 2823
9 1409 11 1409
2 2 2 2833
11 11 1409 1409
2 3 3 2833
11 1409 13 1409
2 2 2 2837
13 13 1409 1409
2 3 3 2837
13 1409 15 1409
2 2 2 2841
15 15 1409 1409
2 2 2 2843
15 1409 3 1423
2 3 3 2843
3 3 1423 1423
2 3 5 2843
3 1423 5 1423
2 3 7 2843
5 5 1423 1423
2 2 2 2851
5 1423 3 1427
2 3 3 2851
3 3 1427 1427
2 3 5 2851
3 1427 3 1429
2 2 2 2857
3 3 1429 1429
2 2 2 2859
3 1429 5 1429
2 2 2 2861
5 5 1429 1429
2 3 3 2861
5 1429 3 1433
2 3 5 2861
3 3 1433 1433
2 3 7 2861
3 1433 5 1433
2 3 9 2861
5 5 1433 1433
2 3 11 2861
5 1433 3 1437
2 3 13 2861
3 3 1437 1437
2 3 15 2861
3 1437 3 1439
2 3 17 2861
3 3 1439 1439
2 2 2 2879
3 1439 5 1439
2 3 3 2879
5 5 1439 1439
2 3 5 2879
5 1439 7 1439
2 3 7 2879
7 7 1439 1439
2 2 2 2887
7 1439 9 1439
2 3 3 2887
9 9 1439 1439
2 3 5 2887
9 1439 3 1447
2 3 7 2887
3 3 1447 1447
2 3 9 2887
3 1447 5 1447
2 2 2 2897
5 5 1447 1447
2 3 3 2897
5 1447 3 1451
2 2 2 2901
3 3 1451 1451
2 2 2 2903
3 1451 3 1453
2 3 3 2903
3 3 1453 1453
2 3 5 2903
3 1453 5 1453
2 2 2 2909
5 5 1453 1453
2 3 3 2909
5 1453 7 1453
2 2 2 2913
7 7 1453 1453
2 3 3 2913
7 1453 3 1459
2 2 2 2917
3 3 1459 1459
2 3 3 2917
3 1459 3 1461
2 3 5 2917
3 3 1461 1461
2 3 7 2917
3 1461 5 1461
2 3 9 2917
5 5 1461 1461
2 2 2 2927
5 1461 7 1461
2 3 3 2927
7 7 1461 1461
2 2 2 2931
7 1461 9 1461
2 3 3 2931
9 9 1461 1461
2 3 5 2931
9 1461 11 1461
2 3 7 2931
11 11 1461 1461
2 2 2 2939
11 1461 3 1471
2 3 3 2939
3 3 1471 1471
2 3 5 2939
3 1471 3 1473
2 3 7 2939
3 3 1473 1473
2 3 9 2939
3 1473 5 1473
2 2 2 2949
5 5 1473 1473
2 3 3 2949
5 1473 7 1473
2 2 2 2953
7 7 1473 1473
2 3 3 2953
7 1473 9 1473
2 2 2 2957
9 9 1473 1473
2 3 3 2957
9 1473 3 1481
2 3 5 2957
3 3 1481 1481
2 2 2 2963
3 1481 3 1483
2 3 3 2963
3 3 1483 1483
2 3 5 2963
3 1483 5 1483
2 2 2 2969
5 5 1483 1483
2 2 2 2971
5 1483 3 1487
2 2 2 2973
3 3 1487 1487
2 3 3 2973
3 1487 3 1489
2 3 5 2973
3 3 1489 1489
2 3 7 2973
3 1489 5 1489
2 3 9 2973
5 5 1489 1489
2 3 11 2973
5 1489 3 1493
2 3 13 2973
3 3 1493 1493
2 3 15 2973
3 1493 5 1493
2 3 17 2973
5 5 1493 1493
2 2 2 2991
5 1493 3 1497
2 3 3 2991
3 3 1497 1497
2 3 5 2991
3 1497 3 1499
2 3 7 2991
3 3 1499 1499
2 2 2 2999
3 1499 5 1499
2 2 2 3001
5 5 1499 1499
2 3 3 3001
5 1499 7 1499
2 3 5 3001
7 7 1499 1499
2 3 7 3001
7 1499 9 1499
2 3 9 3001
9 9 1499 1499
2 2 2 3011
9 1499 11 1499
2 3 3 3011
11 11 1499 1499
2 3 5 3011
11 1499 3 1509
2 3 7 3011
3 3 1509 1509
2 2 2 3019
3 1509 3 1511
2 3 3 3019
3 3 1511 1511
2 2 2 3023
3 1511 5 1511
2 3 3 3023
5 5 1511 1511
2 2 2 3027
5 1511 7 1511
2 3 3 3027
7 7 1511 1511
2 3 5 3027
7 1511 9 1511
2 3 7 3027
9 9 1511 1511
2 3 9 3027
9 1511 11 1511
2 2 2 3037
11 11 1511 1511
2 2 2 3039
11 1511 13 1511
2 2 2 3041
13 13 1511 1511
2 3 3 3041
13 1511 3 1523
2 3 5 3041
3 3 1523 1523
2 3 7 3041
3 1523 5 1523
2 2 2 3049
5 5 1523 1523
2 3 3 3049
5 1523 3 1527
2 3 5 3049
3 3 1527 1527
2 3 7 3049
3 1527 5 1527
2 2 2 3057
5 5 1527 1527
2 3 3 3057
5 1527 3 1531
2 2 2 3061
3 3 1531 1531
2 2 2 3063
3 1531 5 1531
2 3 3 3063
5 5 1531 1531
2 2 2 3067
5 1531 7 1531
2 3 3 3067
7 7 1531 1531
2 3 5 3067
7 1531 9 1531
2 3 7 3067
9 9 1531 1531
2 3 9 3067
9 1531 11 1531
2 3 11 3067
11 11 1531 1531
2 2 2 3079
11 1531 13 1531
2 3 3 3079
13 13 1531 1531
2 2 2 3083
13 1531 3 1543
2 3 3 3083
3 3 1543 1543
2 3 5 3083
3 1543 5 1543
2 2 2 3089
5 5 1543 1543
2 3 3 3089
5 1543 7 1543
2 2 2 3093
7 7 1543 1543
2 3 3 3093
7 1543 3 1549
2 3 5 3093
3 3 1549 1549
2 2 2 3099
3 1549 5 1549
2 3 3 3099
5 5 1549 1549
2 3 5 3099
5 1549 3 1553
2 3 7 3099
3 3 1553 1553
2 3 9 3099
3 1553 5 1553
2 2 2 3109
5 5 1553 1553
2 3 3 3109
5 1553 7 1553
2 3 5 3109
7 7 1553 1553
2 3 7 3109
7 1553 3 1559
2 2 2 3117
3 3 1559 1559
2 2 2 3119
3 1559 5 1559
2 2 2 3121
5 5 1559 1559
2 3 3 3121
5 1559 3 1563
2 3 5 3121
3 3 1563 1563
2 3 7 3121
3 1563 5 1563
2 3 9 3121
5 5 1563 1563
2 3 11 3121
5 1563 3 1567
2 3 13 3121
3 3 1567 1567
2 3 15 3121
3 1567 3 1569
2 2 2 3137
3 3 1569 1569
2 3 3 3137
3 1569 3 1571
2 3 5 3137
3 3 1571 1571
2 3 7 3137
3 1571 5 1571
2 3 9 3137
5 5 1571 1571
2 2 2 3147
5 1571 7 1571
2 3 3 3147
7 7 1571 1571
2 3 5 3147
7 1571 9 1571
2 2 2 3153
9 9 1571 1571
2 3 3 3153
9 1571 3 1579
2 3 5 3153
3 3 1579 1579
2 3 7 3153
3 1579 5 1579
2 3 9 3153
5 5 1579 1579
2 2 2 3163
5 1579 3 1583
2 3 3 3163
3 3 1583 1583
2 2 2 3167
3 1583 5 1583
2 2 2 3169
5 5 1583 1583
2 3 3 3169
5 1583 7 1583
2 3 5 3169
7 7 1583 1583
2 3 7 3169
7 1583 9 1583
2 3 9 3169
9 9 1583 1583
2 3 11 3169
9 1583 11 1583
2 2 2 3181
11 11 1583 1583
2 2 2 3183
11 1583 13 1583
2 3 3 3183
13 13 1583 1583
2 2 2 3187
13 1583 15 1583
2 2 2 3189
15 15 1583 1583
2 2 2 3191
15 1583 3 1597
2 3 3 3191
3 3 1597 1597
2 3 5 3191
3 1597 5 1597
2 3 7 3191
5 5 1597 1597
2 3 9 3191
5 1597 3 1601
2 3 11 3191
3 3 1601 1601
2 2 2 3203
3 1601 5 1601
2 3 3 3203
5 5 1601 1601
2 2 2 3207
5 1601 7 1601
2 2 2 3209
7 7 1601 1601
2 3 3 3209
7 1601 3 1607
2 3 5 3209
3 3 1607 1607
2 3 7 3209
3 1607 3 1609
2 2 2 3217
3 3 1609 1609
2 3 3 3217
3 1609 5 1609
2 2 2 3221
5 5 1609 1609
2 3 3 3221
5 1609 3 1613
2 3 5 3221
3 3 1613 1613
2 3 7 3221
3 1613 5 1613
2 2 2 3229
5 5 1613 1613
2 3 3 3229
5 1613 7 1613
2 3 5 3229
7 7 1613 1613
2 3 7 3229
7 1613 3 1619
2 3 9 3229
3 3 1619 1619
2 3 11 3229
3 1619 3 1621
2 3 13 3229
3 3 1621 1621
2 3 15 3229
3 1621 3 1623
2 3 17 3229
3 3 1623 1623
2 3 19 3229
3 1623 5 1623
2 3 21 3229
5 5 1623 1623
2 2 2 3251
5 1623 3 1627
2 2 2 3253
3 3 1627 1627
2 3 3 3253
3 1627 5 1627
2 2 2 3257
5 5 1627 1627
2 2 2 3259
5 1627 7 1627
2 2 2 3261
7 7 1627 1627
2 3 3 3261
7 1627 9 1627
2 3 5 3261
9 9 1627 1627
2 3 7 3261
9 1627 11 1627
2 3 9 3261
11 11 1627 1627
2 2 2 3271
11 1627 3 1637
2 2 2 3273
3 3 1637 1637
2 3 3 3273
3 1637 5 1637
2 3 5 3273
5 5 1637 1637
2 2 2 3279
5 1637 3 1641
2 3 3 3279
3 3 1641 1641
2 3 5 3279
3 1641 5 1641
2 3 7 3279
5 5 1641 1641
2 3 9 3279
5 1641 7 1641
2 3 11 3279
7 7 1641 1641
2 2 2 3291
7 1641 9 1641
2 3 3 3291
9 9 1641 1641
2 3 5 3291
9 1641 11 1641
2 3 7 3291
11 11 1641 1641
2 2 2 3299
11 1641 13 1641
2 2 2 3301
13 13 1641 1641
2 3 3 3301
13 1641 15 1641
2 3 5 3301
15 15 1641 1641
2 2 2 3307
15 1641 17 1641
2 2 2 3309
17 17 1641 1641
2 3 3 3309
17 1641 3 1657
2 2 2 3313
3 3 1657 1657
2 3 3 3313
3 1657 5 1657
2 3 5 3313
5 5 1657 1657
2 2 2 3319
5 1657 7 1657
2 3 3 3319
7 7 1657 1657
2 2 2 3323
7 1657 3 1663
2 3 3 3323
3 3 1663 1663
2 2 2 3327
3 1663 5 1663
2 2 2 3329
5 5 1663 1663
2 2 2 3331
5 1663 3 1667
2 3 3 3331
3 3 1667 1667
2 3 5 3331
3 1667 3 1669
2 3 7 3331
3 3 1669 1669
2 3 9 3331
3 1669 3 1671
2 3 11 3331
3 3 1671 1671
2 2 2 3343
3 1671 5 1671
2 3 3 3343
5 5 1671 1671
2 2 2 3347
5 1671 7 1671
2 3 3 3347
7 7 1671 1671
2 2 2 3351
7 1671 9 1671
2 3 3 3351
9 9 1671 1671
2 3 5 3351
9 1671 11 1671
2 3 7 3351
11 11 1671 1671
2 2 2 3359
11 1671 13 1671
2 2 2 3361
13 13 1671 1671
2 3 3 3361
13 1671 15 1671
2 3 5 3361
15 15 1671 1671
2 3 7 3361
15 1671 17 1671
2 2 2 3369
17 17 1671 1671
2 2 2 3371
17 1671 19 1671
2 2 2 3373
19 19 1671 1671
2 3 3 3373
19 1671 3 1689
2 3 5 3373
3 3 1689 1689
2 3 7 3373
3 1689 5 1689
2 3 9 3373
5 5 1689 1689
2 3 11 3373
5 1689 3 1693
2 3 13 3373
3 3 1693 1693
2 2 2 3387
3 1693 5 1693
2 2 2 3389
5 5 1693 1693
2 2 2 3391
5 1693 3 1697
2 3 3 3391
3 3 1697 1697
2 3 5 3391
3 1697 3 1699
2 3 7 3391
3 3 1699 1699
2 3 9 3391
3 1699 5 1699
2 3 11 3391
5 5 1699 1699
2 3 13 3391
5 1699 7 1699
2 3 15 3391
7 7 1699 1699
2 2 2 3407
7 1699 9 1699
2 3 3 3407
9 9 1699 1699
2 3 5 3407
9 1699 3 1707
2 2 2 3413
3 3 1707 1707
2 3 3 3413
3 1707 3 1709
2 3 5 3413
3 3 1709 1709
2 3 7 3413
3 1709 5 1709
2 3 9 3413
5 5 1709 1709
2 3 11 3413
5 1709 3 1713
2 3 13 3413
3 3 1713 1713
2 3 15 3413
3 1713 5 1713
2 3 17 3413
5 5 1713 1713
2 3 19 3413
5 1713 7 1713
2 2 2 3433
7 7 1713 1713
2 3 3 3433
7 1713 9 1713
2 3 5 3433
9 9 1713 1713
2 3 7 3433
9 1713 3 1721
2 3 9 3433
3 3 1721 1721
2 3 11 3433
3 1721 3 1723
2 3 13 3433
3 3 1723 1723
2 3 15 3433
3 1723 5 1723
2 2 2 3449
5 5 1723 1723
2 3 3 3449
5 1723 7 1723
2 2 2 3453
7 7 1723 1723
2 3 3 3453
7 1723 9 1723
2 2 2 3457
9 9 1723 1723
2 2 2 3459
9 1723 3 1731
2 2 2 3461
3 3 1731 1731
2 2 2 3463
3 1731 3 1733
2 3 3 3463
3 3 1733 1733
2 2 2 3467
3 1733 5 1733
2 2 2 3469
5 5 1733 1733
2 3 3 3469
5 1733 7 1733
2 3 5 3469
7 7 1733 1733
2 3 7 3469
7 1733 9 1733
2 3 9 3469
9 9 1733 1733
2 3 11 3469
9 1733 3 1741
2 3 13 3469
3 3 1741 1741
2 3 15 3469
3 1741 5 1741
2 3 17 3469
5 5 1741 1741
2 3 19 3469
5 1741 7 1741
2 2 2 3489
7 7 1741 1741
2 2 2 3491
7 1741 3 1747
2 3 3 3491
3 3 1747 1747
2 3 5 3491
3 1747 5 1747
2 3 7 3491
5 5 1747 1747
2 2 2 3499
5 1747 7 1747
2 3 3 3499
7 7 1747 1747
2 3 5 3499
7 1747 3 1753
2 3 7 3499
3 3 1753 1753
2 3 9 3499
3 1753 5 1753
2 3 11 3499
5 5 1753 1753
2 2 2 3511
5 1753 7 1753
2 2 2 3513
7 7 1753 1753
2 3 3 3513
7 1753 3 1759
2 2 2 3517
3 3 1759 1759
2 3 3 3517
3 1759 3 1761
2 3 5 3517
3 3 1761 1761
2 3 7 3517
3 1761 5 1761
2 3 9 3517
5 5 1761 1761
2 2 2 3527
5 1761 7 1761
2 2 2 3529
7 7 1761 1761
2 3 3 3529
7 1761 9 1761
2 2 2 3533
9 9 1761 1761
2 3 3 3533
9 1761 11 1761
2 3 5 3533
11 11 1761 1761
2 2 2 3539
11 1761 13 1761
2 2 2 3541
13 13 1761 1761
2 2 2 3543
13 1761 15 1761
2 3 3 3543
15 15 1761 1761
2 2 2 3547
15 1761 17 1761
2 3 3 3547
17 17 1761 1761
2 3 5 3547
17 1761 3 1777
2 3 7 3547
3 3 1777 1777
2 3 9 3547
3 1777 3 1779
2 2 2 3557
3 3 1779 1779
2 2 2 3559
3 1779 5 1779
2 2 2 3561
5 5 1779 1779
2 3 3 3561
5 1779 3 1783
2 3 5 3561
3 3 1783 1783
2 3 7 3561
3 1783 5 1783
2 3 9 3561
5 5 1783 1783
2 2 2 3571
5 1783 3 1787
2 3 3 3571
3 3 1787 1787
2 3 5 3571
3 1787 3 1789
2 3 7 3571
3 3 1789 1789
2 2 2 3579
3 1789 5 1789
2 2 2 3581
5 5 1789 1789
2 2 2 3583
5 1789 7 1789
2 3 3 3583
7 7 1789 1789
2 3 5 3583
7 1789 9 1789
2 3 7 3583
9 9 1789 1789
2 3 9 3583
9 1789 3 1797
2 2 2 3593
3 3 1797 1797
2 3 3 3593
3 1797 5 1797
2 3 5 3593
5 5 1797 1797
2 3 7 3593
5 1797 3 1801
2 3 9 3593
3 3 1801 1801
2 2 2 3603
3 1801 3 1803
2 3 3 3603
3 3 1803 1803
2 2 2 3607
3 1803 5 1803
2 3 3 3607
5 5 1803 1803
2 3 5 3607
5 1803 7 1803
2 2 2 3613
7 7 1803 1803
2 3 3 3613
7 1803 9 1803
2 2 2 3617
9 9 1803 1803
2 3 3 3617
9 1803 3 1811
2 3 5 3617
3 3 1811 1811
2 2 2 3623
3 1811 5 1811
2 3 3 3623
5 5 1811 1811
2 3 5 3623
5 1811 7 1811
2 3 7 3623
7 7 1811 1811
2 2 2 3631
7 1811 9 1811
2 3 3 3631
9 9 1811 1811
2 3 5 3631
9 1811 11 1811
2 2 2 3637
11 11 1811 1811
2 2 2 3639
11 1811 3 1821
2 3 3 3639
3 3 1821 1821
2 2 2 3643
3 1821 3 1823
2 3 3 3643
3 3 1823 1823
2 3 5 3643
3 1823 5 1823
2 3 7 3643
5 5 1823 1823
2 2 2 3651
5 1823 7 1823
2 3 3 3651
7 7 1823 1823
2 3 5 3651
7 1823 9 1823
2 3 7 3651
9 9 1823 1823
2 2 2 3659
9 1823 3 1831
2 3 3 3659
3 3 1831 1831
2 3 5 3659
3 1831 5 1831
2 3 7 3659
5 5 1831 1831
2 3 9 3659
5 1831 7 1831
2 2 2 3669
7 7 1831 1831
2 2 2 3671
7 1831 9 1831
2 2 2 3673
9 9 1831 1831
2 3 3 3673
9 1831 3 1839
2 2 2 3677
3 3 1839 1839
2 3 3 3677
3 1839 5 1839
2 3 5 3677
5 5 1839 1839
2 3 7 3677
5 1839 7 1839
2 3 9 3677
7 7 1839 1839
2 2 2 3687
7 1839 9 1839
2 3 3 3687
9 9 1839 1839
2 2 2 3691
9 1839 3 1847
2 2 2 3693
3 3 1847 1847
2 3 3 3693
3 1847 5 1847
2 2 2 3697
5 5 1847 1847
2 3 3 3697
5 1847 3 1851
2 2 2 3701
3 3 1851 1851
2 3 3 3701
3 1851 5 1851
2 3 5 3701
5 5 1851 1851
2 3 7 3701
5 1851 7 1851
2 2 2 3709
7 7 1851 1851
2 2 2 3711
7 1851 3 1857
2 3 3 3711
3 3 1857 1857
2 3 5 3711
3 1857 5 1857
2 3 7 3711
5 5 1857 1857
2 2 2 3719
5 1857 3 1861
2 3 3 3719
3 3 1861 1861
2 3 5 3719
3 1861 5 1861
2 3 7 3719
5 5 1861 1861
2 2 2 3727
5 1861 7 1861
2 3 3 3727
7 7 1861 1861
2 3 5 3727
7 1861 3 1867
2 2 2 3733
3 3 1867 1867
2 3 3 3733
3 1867 5 1867
2 3 5 3733
5 5 1867 1867
2 2 2 3739
5 1867 3 1871
2 3 3 3739
3 3 1871 1871
2 3 5 3739
3 1871 3 1873
2 3 7 3739
3 3 1873 1873
2 2 2 3747
3 1873 5 1873
2 3 3 3747
5 5 1873 1873
2 3 5 3747
5 1873 3 1877
2 3 7 3747
3 3 1877 1877
2 3 9 3747
3 1877 3 1879
2 3 11 3747
3 3 1879 1879
2 3 13 3747
3 1879 5 1879
2 2 2 3761
5 5 1879 1879
2 3 3 3761
5 1879 7 1879
2 3 5 3761
7 7 1879 1879
2 2 2 3767
7 1879 9 1879
2 2 2 3769
9 9 1879 1879
2 3 3 3769
9 1879 11 1879
2 3 5 3769
11 11 1879 1879
2 3 7 3769
11 1879 3 1889
2 2 2 3777
3 3 1889 1889
2 2 2 3779
3 1889 5 1889
2 3 3 3779
5 5 1889 1889
2 3 5 3779
5 1889 3 1893
2 3 7 3779
3 3 1893 1893
2 3 9 3779
3 1893 5 1893
2 3 11 3779
5 5 1893 1893
2 3 13 3779
5 1893 7 1893
2 2 2 3793
7 7 1893 1893
2 3 3 3793
7 1893 9 1893
2 2 2 3797
9 9 1893 1893
2 3 3 3797
9 1893 3 1901
2 3 5 3797
3 3 1901 1901
2 2 2 3803
3 1901 5 1901
2 3 3 3803
5 5 1901 1901
2 3 5 3803
5 1901 7 1901
2 3 7 3803
7 7 1901 1901
2 3 9 3803
7 1901 3 1907
2 3 11 3803
3 3 1907 1907
2 3 13 3803
3 1907 5 1907
2 3 15 3803
5 5 1907 1907
2 3 17 3803
5 1907 7 1907
2 2 2 3821
7 7 1907 1907
2 2 2 3823
7 1907 3 1913
2 3 3 3823
3 3 1913 1913
2 3 5 3823
3 1913 5 1913
2 3 7 3823
5 5 1913 1913
2 2 2 3831
5 1913 7 1913
2 2 2 3833
7 7 1913 1913
2 3 3 3833
7 1913 9 1913
2 2 2 3837
9 9 1913 1913
2 3 3 3837
9 1913 11 1913
2 3 5 3837
11 11 1913 1913
2 3 7 3837
11 1913 3 1923
2 3 9 3837
3 3 1923 1923
2 2 2 3847
3 1923 5 1923
2 2 2 3849
5 5 1923 1923
2 2 2 3851
5 1923 7 1923
2 2 2 3853
7 7 1923 1923
2 3 3 3853
7 1923 3 1929
2 3 5 3853
3 3 1929 1929
2 3 7 3853
3 1929 3 1931
2 3 9 3853
3 3 1931 1931
2 2 2 3863
3 1931 3 1933
2 3 3 3863
3 3 1933 1933
2 2 2 3867
3 1933 5 1933
2 3 3 3867
5 5 1933 1933
2 3 5 3867
5 1933 7 1933
2 2 2 3873
7 7 1933 1933
2 3 3 3873
7 1933 9 1933
2 2 2 3877
9 9 1933 1933
2 3 3 3877
9 1933 3 1941
2 2 2 3881
3 3 1941 1941
2 3 3 3881
3 1941 5 1941
2 3 5 3881
5 5 1941 1941
2 3 7 3881
5 1941 7 1941
2 2 2 3889
7 7 1941 1941
2 2 2 3891
7 1941 9 1941
2 3 3 3891
9 9 1941 1941
2 3 5 3891
9 1941 3 1949
2 3 7 3891
3 3 1949 1949
2 3 9 3891
3 1949 3 1951
2 3 11 3891
3 3 1951 1951
2 2 2 3903
3 1951 5 1951
2 3 3 3903
5 5 1951 1951
2 2 2 3907
5 1951 7 1951
2 2 2 3909
7 7 1951 1951
2 2 2 3911
7 1951 9 1951
2 3 3 3911
9 9 1951 1951
2 3 5 3911
9 1951 3 1959
2 2 2 3917
3 3 1959 1959
2 2 2 3919
3 1959 5 1959
2 2 2 3921
5 5 1959 1959
2 2 2 3923
5 1959 7 1959
2 3 3 3923
7 7 1959 1959
2 3 5 3923
7 1959 9 1959
2 2 2 3929
9 9 1959 1959
2 2 2 3931
9 1959 11 1959
2 3 3 3931
11 11 1959 1959
2 3 5 3931
11 1959 13 1959
2 3 7 3931
13 13 1959 1959
2 3 9 3931
13 1959 15 1959
2 3 11 3931
15 15 1959 1959
2 2 2 3943
15 1959 3 1973
2 3 3 3943
3 3 1973 1973
2 2 2 3947
3 1973 5 1973
2 3 3 3947
5 5 1973 1973
2 3 5 3947
5 1973 3 1977
2 3 7 3947
3 3 1977 1977
2 3 9 3947
3 1977 3 1979
2 2 2 3957
3 3 1979 1979
2 3 3 3957
3 1979 5 1979
2 3 5 3957
5 5 1979 1979
2 2 2 3963
5 1979 3 1983
2 3 3 3963
3 3 1983 1983
2 2 2 3967
3 1983 5 1983
2 3 3 3967
5 5 1983 1983
2 3 5 3967
5 1983 3 1987
2 3 7 3967
3 3 1987 1987
2 3 9 3967
3 1987 5 1987
2 3 11 3967
5 5 1987 1987
2 3 13 3967
5 1987 7 1987
2 2 2 3981
7 7 1987 1987
2 3 3 3981
7 1987 3 1993
2 3 5 3981
3 3 1993 1993
2 3 7 3981
3 1993 5 1993
2 2 2 3989
5 5 1993 1993
2 3 3 3989
5 1993 3 1997
2 3 5 3989
3 3 1997 1997
2 3 7 3989
3 1997 3 1999
2 3 9 3989
3 3 1999 1999
2 3 11 3989
3 1999 5 1999
2 2 2 4001
5 5 1999 1999
2 2 2 4003
5 1999 3 2003
2 3 3 4003
3 3 2003 2003
2 2 2 4007
3 2003 5 2003
2 3 3 4007
5 5 2003 2003
2 3 5 4007
5 2003 7 2003
2 2 2 4013
7 7 2003 2003
2 3 3 4013
7 2003 9 2003
2 3 5 4013
9 9 2003 2003
2 2 2 4019
9 2003 3 2011
2 2 2 4021
3 3 2011 2011
2 3 3 4021
3 2011 5 2011
2 3 5 4021
5 5 2011 2011
2 2 2 4027
5 2011 7 2011
2 3 3 4027
7 7 2011 2011
2 3 5 4027
7 2011 3 2017
2 3 7 4027
3 3 2017 2017
2 3 9 4027
3 2017 3 2019
2 3 11 4027
3 3 2019 2019
2 3 13 4027
3 2019 5 2019
2 3 15 4027
5 5 2019 2019
2 3 17 4027
5 2019 7 2019
2 3 19 4027
7 7 2019 2019
2 3 21 4027
7 2019 9 2019
2 2 2 4049
9 9 2019 2019
2 2 2 4051
9 2019 3 2027
2 3 3 4051
3 3 2027 2027
2 3 5 4051
3 2027 3 2029
2 2 2 4057
3 3 2029 2029
2 3 3 4057
3 2029 3 2031
2 3 5 4057
3 3 2031 2031
2 3 7 4057
3 2031 5 2031
2 3 9 4057
5 5 2031 2031
2 3 11 4057
5 2031 7 2031
2 3 13 4057
7 7 2031 2031
2 3 15 4057
7 2031 9 2031
2 2 2 4073
9 9 2031 2031
2 3 3 4073
9 2031 3 2039
2 3 5 4073
3 3 2039 2039
2 2 2 4079
3 2039 5 2039
2 3 3 4079
5 5 2039 2039
2 2 2 4083
5 2039 7 2039
2 3 3 4083
7 7 2039 2039
2 3 5 4083
7 2039 9 2039
2 3 7 4083
9 9 2039 2039
2 2 2 4091
9 2039 11 2039
2 2 2 4093
11 11 2039 2039
2 3 3 4093
11 2039 3 2049
2 3 5 4093
3 3 2049 2049
2 2 2 4099
3 2049 5 2049
2 2 2 4101
5 5 2049 2049
2 3 3 4101
5 2049 3 2053
2 3 5 4101
3 3 2053 2053
2 3 7 4101
3 2053 5 2053
2 3 9 4101
5 5 2053 2053
2 2 2 4111
5 2053 7 2053
2 3 3 4111
7 7 2053 2053
2 3 5 4111
7 2053 9 2053
2 3 7 4111
9 9 2053 2053
2 2 2 4119
9 2053 11 2053
2 3 3 4119
11 11 2053 2053
2 3 5 4119
11 2053 3 2063
2 3 7 4119
3 3 2063 2063
2 2 2 4127
3 2063 5 2063
2 2 2 4129
5 5 2063 2063
2 3 3 4129
5 2063 7 2063
2 2 2 4133
7 7 2063 2063
2 3 3 4133
7 2063 3 2069
2 3 5 4133
3 3 2069 2069
2 2 2 4139
3 2069 5 2069
2 3 3 4139
5 5 2069 2069
2 2 2 4143
5 2069 3 2073
2 3 3 4143
3 3 2073 2073
2 3 5 4143
3 2073 5 2073
2 3 7 4143
5 5 2073 2073
2 3 9 4143
5 2073 7 2073
2 2 2 4153
7 7 2073 2073
2 3 3 4153
7 2073 9 2073
2 2 2 4157
9 9 2073 2073
2 2 2 4159
9 2073 3 2081
2 3 3 4159
3 3 2081 2081
2 3 5 4159
3 2081 3 2083
2 3 7 4159
3 3 2083 2083
2 3 9 4159
3 2083 5 2083
2 3 11 4159
5 5 2083 2083
2 3 13 4159
5 2083 3 2087
2 3 15 4159
3 3 2087 2087
2 3 17 4159
3 2087 3 2089
2 2 2 4177
3 3 2089 2089
2 3 3 4177
3 2089 5 2089
2 3 5 4177
5 5 2089 2089
2 3 7 4177
5 2089 7 2089
2 3 9 4177
7 7 2089 2089
2 3 11 4177
7 2089 9 2089
2 3 13 4177
9 9 2089 2089
2 3 15 4177
9 2089 11 2089
2 3 17 4177
11 11 2089 2089
2 3 19 4177
11 2089 3 2099
2 2 2 4197
3 3 2099 2099
2 3 3 4197
3 2099 5 2099
2 2 2 4201
5 5 2099 2099
2 3 3 4201
5 2099 3 2103
2 3 5 4201
3 3 2103 2103
2 3 7 4201
3 2103 5 2103
2 3 9 4201
5 5 2103 2103
2 2 2 4211
5 2103 7 2103
2 3 3 4211
7 7 2103 2103
2 3 5 4211
7 2103 9 2103
2 2 2 4217
9 9 2103 2103
2 2 2 4219
9 2103 3 2111
2 3 3 4219
3 3 2111 2111
2 3 5 4219
3 2111 3 2113
2 3 7 4219
3 3 2113 2113
2 2 2 4227
3 2113 5 2113
2 2 2 4229
5 5 2113 2113
2 2 2 4231
5 2113 7 2113
2 3 3 4231
7 7 2113 2113
2 3 5 4231
7 2113 9 2113
2 3 7 4231
9 9 2113 2113
2 3 9 4231
9 2113 11 2113
2 2 2 4241
11 11 2113 2113
2 2 2 4243
11 2113 13 2113
2 3 3 4243
13 13 2113 2113
2 3 5 4243
13 2113 15 2113
2 3 7 4243
15 15 2113 2113
2 3 9 4243
15 2113 3 2127
2 2 2 4253
3 3 2127 2127
2 3 3 4253
3 2127 3 2129
2 3 5 4253
3 3 2129 2129
2 2 2 4259
3 2129 3 2131
2 2 2 4261
3 3 2131 2131
2 3 3 4261
3 2131 5 2131
2 3 5 4261
5 5 2131 2131
2 3 7 4261
5 2131 7 2131
2 2 2 4269
7 7 2131 2131
2 2 2 4271
7 2131 3 2137
2 2 2 4273
3 3 2137 2137
2 3 3 4273
3 2137 5 2137
2 3 5 4273
5 5 2137 2137
2 3 7 4273
5 2137 3 2141
2 2 2 4281
3 3 2141 2141
2 2 2 4283
3 2141 3 2143
2 3 3 4283
3 3 2143 2143
2 2 2 4287
3 2143 5 2143
2 2 2 4289
5 5 2143 2143
2 3 3 4289
5 2143 7 2143
2 3 5 4289
7 7 2143 2143
2 3 7 4289
7 2143 9 2143
2 2 2 4297
9 9 2143 2143
2 2 2 4299
9 2143 11 2143
2 3 3 4299
11 11 2143 2143
2 3 5 4299
11 2143 3 2153
2 3 7 4299
3 3 2153 2153
2 3 9 4299
3 2153 5 2153
2 3 11 4299
5 5 2153 2153
2 3 13 4299
5 2153 3 2157
2 3 15 4299
3 3 2157 2157
2 3 17 4299
3 2157 5 2157
2 2 2 4317
5 5 2157 2157
2 3 3 4317
5 2157 3 2161
2 3 5 4317
3 3 2161 2161
2 3 7 4317
3 2161 5 2161
2 3 9 4317
5 5 2161 2161
2 2 2 4327
5 2161 7 2161
2 3 3 4327
7 7 2161 2161
2 3 5 4327
7 2161 9 2161
2 3 7 4327
9 9 2161 2161
2 3 9 4327
9 2161 11 2161
2 2 2 4337
11 11 2161 2161
2 2 2 4339
11 2161 13 2161
2 2 2 4341
13 13 2161 2161
2 3 3 4341
13 2161 15 2161
2 3 5 4341
15 15 2161 2161
2 3 7 4341
15 2161 17 2161
2 2 2 4349
17 17 2161 2161
2 3 3 4349
17 2161 19 2161
2 2 2 4353
19 19 2161 2161
2 3 3 4353
19 2161 3 2179
2 2 2 4357
3 3 2179 2179
2 2 2 4359
3 2179 3 2181
2 3 3 4359
3 3 2181 2181
2 2 2 4363
3 2181 5 2181
2 3 3 4363
5 5 2181 2181
2 3 5 4363
5 2181 7 2181
2 3 7 4363
7 7 2181 2181
2 3 9 4363
7 2181 9 2181
2 2 2 4373
9 9 2181 2181
2 3 3 4373
9 2181 11 2181
2 2 2 4377
11 11 2181 2181
2 3 3 4377
11 2181 13 2181
2 3 5 4377
13 13 2181 2181
2 3 7 4377
13 2181 15 2181
2 3 9 4377
15 15 2181 2181
2 3 11 4377
15 2181 17 2181
2 3 13 4377
17 17 2181 2181
2 2 2 4391
17 2181 19 2181
2 3 3 4391
19 19 2181 2181
2 3 5 4391
19 2181 3 2199
2 2 2 4397
3 3 2199 2199
2 3 3 4397
3 2199 5 2199
2 3 5 4397
5 5 2199 2199
2 3 7 4397
5 2199 3 2203
2 3 9 4397
3 3 2203 2203
2 3 11 4397
3 2203 5 2203
2 2 2 4409
5 5 2203 2203
2 3 3 4409
5 2203 3 2207
2 2 2 4413
3 3 2207 2207
2 3 3 4413
3 2207 5 2207
2 3 5 4413
5 5 2207 2207
2 3 7 4413
5 2207 7 2207
2 2 2 4421
7 7 2207 2207
2 2 2 4423
7 2207 3 2213
2 3 3 4423
3 3 2213 2213
2 3 5 4423
3 2213 5 2213
2 3 7 4423
5 5 2213 2213
2 3 9 4423
5 2213 3 2217
2 3 11 4423
3 3 2217 2217
2 3 13 4423
3 2217 5 2217
2 3 15 4423
5 5 2217 2217
2 3 17 4423
5 2217 3 2221
2 2 2 4441
3 3 2221 2221
2 2 2 4443
3 2221 5 2221
2 3 3 4443
5 5 2221 2221
2 2 2 4447
5 2221 7 2221
2 2 2 4449
7 7 2221 2221
2 2 2 4451
7 2221 9 2221
2 3 3 4451
9 9 2221 2221
2 3 5 4451
9 2221 3 2229
2 2 2 4457
3 3 2229 2229
2 3 3 4457
3 2229 5 2229
2 2 2 4461
5 5 2229 2229
2 2 2 4463
5 2229 7 2229
2 3 3 4463
7 7 2229 2229
2 2 2 4467
7 2229 9 2229
2 3 3 4467
9 9 2229 2229
2 3 5 4467
9 2229 3 2237
2 3 7 4467
3 3 2237 2237
2 3 9 4467
3 2237 3 2239
2 3 11 4467
3 3 2239 2239
2 2 2 4479
3 2239 5 2239
2 2 2 4481
5 5 2239 2239
2 2 2 4483
5 2239 3 2243
2 3 3 4483
3 3 2243 2243
2 3 5 4483
3 2243 5 2243
2 3 7 4483
5 5 2243 2243
2 3 9 4483
5 2243 7 2243
2 2 2 4493
7 7 2243 2243
2 3 3 4493
7 2243 9 2243
2 2 2 4497
9 9 2243 2243
2 3 3 4497
9 2243 3 2251
2 3 5 4497
3 3 2251 2251
2 3 7 4497
3 2251 3 2253
2 3 9 4497
3 3 2253 2253
2 2 2 4507
3 2253 5 2253
2 3 3 4507
5 5 2253 2253
2 3 5 4507
5 2253 7 2253
2 2 2 4513
7 7 2253 2253
2 3 3 4513
7 2253 9 2253
2 2 2 4517
9 9 2253 2253
2 2 2 4519
9 2253 11 2253
2 3 3 4519
11 11 2253 2253
2 2 2 4523
11 2253 13 2253
2 3 3 4523
13 13 2253 2253
2 3 5 4523
13 2253 15 2253
2 3 7 4523
15 15 2253 2253
2 3 9 4523
15 2253 3 2267
2 2 2 4533
3 3 2267 2267
2 3 3 4533
3 2267 3 2269
2 3 5 4533
3 3 2269 2269
2 3 7 4533
3 2269 3 2271
2 3 9 4533
3 3 2271 2271
2 3 11 4533
3 2271 3 2273
2 3 13 4533
3 3 2273 2273
2 2 2 4547
3 2273 5 2273
2 2 2 4549
5 5 2273 2273
2 3 3 4549
5 2273 7 2273
2 3 5 4549
7 7 2273 2273
2 3 7 4549
7 2273 9 2273
2 3 9 4549
9 9 2273 2273
2 3 11 4549
9 2273 3 2281
2 2 2 4561
3 3 2281 2281
2 3 3 4561
3 2281 3 2283
2 3 5 4561
3 3 2283 2283
2 2 2 4567
3 2283 5 2283
2 2 2 4569
5 5 2283 2283
2 3 3 4569
5 2283 3 2287
2 3 5 4569
3 3 2287 2287
2 3 7 4569
3 2287 5 2287
2 3 9 4569
5 5 2287 2287
2 3 11 4569
5 2287 7 2287
2 3 13 4569
7 7 2287 2287
2 2 2 4583
7 2287 3 2293
2 3 3 4583
3 3 2293 2293
2 3 5 4583
3 2293 5 2293
2 3 7 4583
5 5 2293 2293
2 2 2 4591
5 2293 3 2297
2 2 2 4593
3 3 2297 2297
2 3 3 4593
3 2297 5 2297
2 2 2 4597
5 5 2297 2297
2 3 3 4597
5 2297 7 2297
2 3 5 4597
7 7 2297 2297
2 2 2 4603
7 2297 9 2297
2 3 3 4603
9 9 2297 2297
2 3 5 4603
9 2297 11 2297
2 3 7 4603
11 11 2297 2297
2 3 9 4603
11 2297 3 2307
2 3 11 4603
3 3 2307 2307
2 3 13 4603
3 2307 3 2309
2 3 15 4603
3 3 2309 2309
2 3 17 4603
3 2309 3 2311
2 2 2 4621
3 3 2311 2311
2 3 3 4621
3 2311 5 2311
2 3 5 4621
5 5 2311 2311
2 3 7 4621
5 2311 7 2311
2 2 2 4629
7 7 2311 2311
2 3 3 4629
7 2311 9 2311
2 3 5 4629
9 9 2311 2311
2 3 7 4629
9 2311 3 2319
2 2 2 4637
3 3 2319 2319
2 2 2 4639
3 2319 5 2319
2 3 3 4639
5 5 2319 2319
2 2 2 4643
5 2319 7 2319
2 3 3 4643
7 7 2319 2319
2 2 2 4647
7 2319 9 2319
2 2 2 4649
9 9 2319 2319
2 2 2 4651
9 2319 11 2319
2 3 3 4651
11 11 2319 2319
2 3 5 4651
11 2319 13 2319
2 2 2 4657
13 13 2319 2319
2 2 2 4659
13 2319 15 2319
2 3 3 4659
15 15 2319 2319
2 2 2 4663
15 2319 3 2333
2 3 3 4663
3 3 2333 2333
2 3 5 4663
3 2333 5 2333
2 3 7 4663
5 5 2333 2333
2 3 9 4663
5 2333 7 2333
2 2 2 4673
7 7 2333 2333
2 3 3 4673
7 2333 3 2339
2 2 2 4677
3 3 2339 2339
2 2 2 4679
3 2339 3 2341
2 3 3 4679
3 3 2341 2341
2 3 5 4679
3 2341 5 2341
2 3 7 4679
5 5 2341 2341
2 3 9 4679
5 2341 7 2341
2 3 11 4679
7 7 2341 2341
2 2 2 4691
7 2341 3 2347
2 3 3 4691
3 3 2347 2347
2 3 5 4691
3 2347 5 2347
2 3 7 4691
5 5 2347 2347
2 3 9 4691
5 2347 3 2351
2 2 2 4701
3 3 2351 2351
2 2 2 4703
3 2351 5 2351
2 3 3 4703
5 5 2351 2351
2 3 5 4703
5 2351 7 2351
2 3 7 4703
7 7 2351 2351
2 3 9 4703
7 2351 3 2357
2 2 2 4713
3 3 2357 2357
2 3 3 4713
3 2357 5 2357
2 3 5 4713
5 5 2357 2357
2 3 7 4713
5 2357 3 2361
2 2 2 4721
3 3 2361 2361
2 2 2 4723
3 2361 5 2361
2 3 3 4723
5 5 2361 2361
2 3 5 4723
5 2361 7 2361
2 2 2 4729
7 7 2361 2361
2 3 3 4729
7 2361 9 2361
2 2 2 4733
9 9 2361 2361
2 3 3 4733
9 2361 11 2361
2 2 2 4737
11 11 2361 2361
2 3 3 4737
11 2361 3 2371
2 3 5 4737
3 3 2371 2371
2 3 7 4737
3 2371 5 2371
2 3 9 4737
5 5 2371 2371
2 3 11 4737
5 2371 7 2371
2 2 2 4749
7 7 2371 2371
2 2 2 4751
7 2371 3 2377
2 3 3 4751
3 3 2377 2377
2 3 5 4751
3 2377 5 2377
2 3 7 4751
5 5 2377 2377
2 2 2 4759
5 2377 3 2381
2 3 3 4759
3 3 2381 2381
2 3 5 4759
3 2381 3 2383
2 3 7 4759
3 3 2383 2383
2 3 9 4759
3 2383 5 2383
2 3 11 4759
5 5 2383 2383
2 3 13 4759
5 2383 7 2383
2 3 15 4759
7 7 2383 2383
2 3 17 4759
7 2383 3 2389
2 3 19 4759
3 3 2389 2389
2 3 21 4759
3 2389 3 2391
2 3 23 4759
3 3 2391 2391
2 2 2 4783
3 2391 3 2393
2 3 3 4783
3 3 2393 2393
2 2 2 4787
3 2393 5 2393
2 2 2 4789
5 5 2393 2393
2 2 2 4791
5 2393 7 2393
2 2 2 4793
7 7 2393 2393
2 3 3 4793
7 2393 3 2399
2 3 5 4793
3 3 2399 2399
2 2 2 4799
3 2399 5 2399
2 2 2 4801
5 5 2399 2399
2 2 2 4803
5 2399 7 2399
2 3 3 4803
7 7 2399 2399
2 3 5 4803
7 2399 9 2399
2 3 7 4803
9 9 2399 2399
2 3 9 4803
9 2399 11 2399
2 2 2 4813
11 11 2399 2399
2 3 3 4813
11 2399 13 2399
2 2 2 4817
13 13 2399 2399
2 3 3 4817
13 2399 3 2411
2 2 2 4821
3 3 2411 2411
2 3 3 4821
3 2411 5 2411
2 3 5 4821
5 5 2411 2411
2 2 2 4827
5 2411 7 2411
2 3 3 4827
7 7 2411 2411
2 2 2 4831
7 2411 3 2417
2 3 3 4831
3 3 2417 2417
2 3 5 4831
3 2417 5 2417
2 3 7 4831
5 5 2417 2417
2 2 2 4839
5 2417 7 2417
2 3 3 4839
7 7 2417 2417
2 3 5 4839
7 2417 3 2423
2 3 7 4839
3 3 2423 2423
2 3 9 4839
3 2423 5 2423
2 3 11 4839
5 5 2423 2423
2 3 13 4839
5 2423 3 2427
2 3 15 4839
3 3 2427 2427
2 3 17 4839
3 2427 5 2427
2 2 2 4857
5 5 2427 2427
2 3 3 4857
5 2427 7 2427
2 2 2 4861
7 7 2427 2427
2 2 2 4863
7 2427 3 2433
2 3 3 4863
3 3 2433 2433
2 3 5 4863
3 2433 5 2433
2 3 7 4863
5 5 2433 2433
2 2 2 4871
5 2433 3 2437
2 3 3 4871
3 3 2437 2437
2 3 5 4871
3 2437 5 2437
2 2 2 4877
5 5 2437 2437
2 3 3 4877
5 2437 3 2441
2 2 2 4881
3 3 2441 2441
2 3 3 4881
3 2441 5 2441
2 3 5 4881
5 5 2441 2441
2 3 7 4881
5 2441 7 2441
2 2 2 4889
7 7 2441 2441
2 3 3 4889
7 2441 3 2447
2 3 5 4889
