1
1000
895	5519
497	1196
78	5237
301	8504
785	4051
87	4017
906	7244
738	965
809	5972
443	4212
388	4321
680	3403
422	3030
43	8497
39	4402
204	7389
25	7633
782	7820
113	8677
241	6584
546	9730
661	9195
463	2843
508	1925
183	8516
136	7792
21	8100
120	2819
974	6914
337	7661
258	8753
51	2432
834	8856
153	3990
352	936
619	2906
240	8006
257	8179
356	3871
48	3977
699	2391
743	8191
727	7380
120	5421
786	6688
766	1781
324	2809
810	4321
547	9600
437	1486
50	905
93	9330
97	680
513	3747
601	1255
279	9196
648	1539
621	9354
398	2014
621	8452
957	7014
656	767
671	884
790	5869
808	4756
22	1819
409	8775
48	2761
279	9998
764	2646
95	6737
977	2389
507	837
822	4116
97	7809
292	7524
588	5897
421	618
102	1845
135	5497
857	2103
152	2749
227	4826
953	2782
664	6496
827	6080
231	1977
311	8034
448	5433
629	3990
931	6486
405	2447
285	4756
602	7370
195	8316
92	9511
624	9189
603	7090
139	2272
902	9186
367	9735
234	9008
879	1575
873	572
56	3124
975	9383
165	8095
644	9020
396	10000
266	9940
778	4516
252	2102
418	2688
5	9342
204	4884
81	9183
832	5421
435	6860
391	7217
279	854
64	850
322	3703
683	3301
348	5606
923	1072
878	1616
440	5116
547	260
480	8705
579	7388
448	9446
846	8440
812	6395
327	1020
719	9011
868	9518
302	403
883	7106
511	8538
697	403
149	7045
288	3054
948	2505
566	9733
293	2395
152	7388
646	8916
124	7816
587	4248
37	6132
402	8670
650	5097
358	9834
85	1970
998	702
281	906
962	3585
437	5818
828	1166
442	2290
15	3205
275	611
287	730
827	9600
601	1631
6	9741
694	9117
902	2034
888	6846
205	7655
599	2436
37	3891
493	709
546	4940
602	3624
785	3103
697	2328
248	2539
908	919
283	6575
284	8671
310	9589
933	1671
642	8504
394	1559
930	2373
923	9410
356	5143
367	8191
750	575
797	7433
381	1395
25	1186
84	8162
208	994
626	2816
89	7902
902	111
528	4849
977	4748
106	7766
126	7285
13	8639
599	8474
671	2225
615	2262
383	1577
368	4552
863	4801
290	2495
651	1126
146	3471
599	2084
583	2797
788	1975
993	3642
513	5170
710	1385
349	8785
879	3360
460	1959
145	6217
260	4755
484	3144
229	4379
467	5749
109	5960
318	2281
368	5859
636	809
294	7028
474	3625
761	8093
307	5667
72	2098
432	317
922	7929
454	3674
799	4869
784	2729
744	6169
449	5995
930	6200
343	8252
32	8791
717	8175
336	1894
545	3961
427	9559
684	678
423	7321
886	1517
828	6894
682	2075
369	4661
57	1273
148	7823
478	620
374	3553
516	3682
113	1428
668	581
989	7306
874	9520
975	6247
61	9403
305	9837
896	4175
514	3077
103	4705
679	6904
258	9246
552	699
609	3104
600	7497
584	9490
325	1279
935	9391
128	3450
752	837
618	68
550	770
637	2354
446	6962
232	2845
6	7014
502	8234
380	667
484	7633
875	1787
895	4348
596	9061
543	2367
884	1653
469	8580
517	8613
944	1056
774	8417
412	2788
458	4132
876	3121
91	9692
715	3378
428	3819
699	2796
314	875
11	3309
24	4074
249	265
138	6758
775	4910
866	332
688	7528
412	7263
312	7294
919	373
418	4277
813	5528
298	1039
901	1909
688	7314
193	5387
497	970
231	9680
77	7040
966	9549
747	8293
20	8096
739	7965
159	1080
477	2228
615	1086
249	772
192	5605
42	4905
948	3567
506	6479
53	8213
972	7640
754	6743
191	4971
747	2549
620	7075
878	2499
159	9812
931	4368
797	2871
576	4088
744	9895
95	3910
477	5997
432	7208
288	9296
973	6966
662	6887
364	6336
938	6515
408	5179
384	4431
677	4480
567	6259
860	6658
291	5566
815	7030
52	2262
333	470
763	597
557	8740
385	8682
734	8236
310	5482
575	3652
481	785
930	2556
453	6150
639	597
860	6924
250	9020
215	4685
604	6818
344	2930
691	681
35	4025
631	2225
664	7647
697	912
995	8560
602	4162
105	6091
378	2990
278	8642
671	2349
238	9647
568	4207
486	9379
289	1909
901	4676
248	9975
845	648
285	3358
982	8210
155	6130
860	7009
462	8995
84	8686
313	3159
101	9591
944	5609
562	2179
315	4275
547	2426
906	5108
5	4956
582	6451
537	7333
669	2603
279	7363
531	5893
270	6765
383	3453
909	8882
547	5406
53	5802
146	8529
115	9613
538	5180
435	438
15	4289
786	5155
279	1085
300	7646
767	3365
434	7215
159	4655
229	2359
517	5900
472	7814
329	1949
461	1508
33	9992
644	6223
8	3933
938	5100
648	1179
589	384
475	2432
317	3781
867	7746
5	8324
586	545
250	1198
913	7206
132	5951
302	7000
59	5735
247	5563
840	2179
493	6172
261	9852
625	7333
772	7257
561	7497
392	697
205	4471
719	2152
620	3056
722	370
191	9965
949	5004
182	1877
223	9956
592	1227
190	5810
161	5056
240	2405
778	6194
636	7487
556	6186
645	3939
640	5811
141	6731
895	5137
553	3017
273	2681
196	2136
612	8751
519	8244
35	4315
104	4923
780	8095
660	1648
876	2179
340	5592
51	2344
81	6649
59	7743
670	5400
802	7019
249	7707
619	403
984	8895
472	7662
210	1630
173	4705
633	2717
449	4035
951	898
268	204
4	220
596	4837
908	6015
145	6951
490	9974
461	9031
417	9631
686	2109
72	7781
936	7875
720	6424
176	2703
716	5970
379	8071
51	4882
55	1561
430	415
132	1530
114	9303
100	5814
933	8549
363	7009
718	6217
917	7444
834	4671
927	7846
90	2148
467	7388
376	1880
40	3046
734	7592
380	2100
636	7883
641	3606
524	9050
125	7856
102	2636
941	8681
810	9965
173	417
877	6556
530	6388
349	3120
592	2525
909	4458
400	8001
647	4085
338	4873
531	9530
760	3388
437	686
464	8079
122	397
155	6902
380	5522
956	5068
81	4748
470	7669
422	2455
457	6627
510	715
156	47
836	8727
145	8597
797	3652
360	7777
270	6453
898	6288
301	6458
80	6417
71	6704
178	3013
609	2805
419	9824
769	5537
518	7263
819	7824
415	9622
856	2135
349	7354
175	3009
293	2820
812	5432
297	3405
447	9722
192	953
252	8472
528	4469
661	8622
674	927
985	1096
170	9336
830	973
821	9822
315	7933
626	4625
180	7599
584	4386
524	913
481	4056
663	803
595	7617
658	7068
272	3607
14	7440
427	2605
789	870
832	5263
841	2226
645	3004
180	2616
16	5234
937	5824
992	8047
312	8639
384	5545
183	9000
564	7110
911	13
844	7621
237	8037
895	1108
13	6956
67	9009
715	930
328	4889
693	3634
895	8528
911	9274
216	4546
376	2583
574	76
811	2163
34	9651
845	3683
824	9602
460	2255
634	4552
655	4864
301	4480
278	7555
835	7480
316	9714
215	3378
826	5527
628	8352
598	8923
9	4526
191	5462
509	8935
852	2146
428	3498
404	43
865	9102
494	2507
118	973
192	3990
186	6140
13	9500
102	3264
402	686
389	2083
675	3340
212	2848
422	1733
520	7022
35	2450
881	3988
153	1573
690	7313
182	8468
431	9128
524	4793
498	8181
646	2506
349	320
125	6533
243	1428
358	4845
315	1994
752	363
209	6991
742	5492
155	406
73	6092
235	7998
273	1378
264	82
421	4137
286	877
365	3346
822	4823
674	2960
40	6685
33	7670
95	4693
559	3706
68	119
976	8680
712	5279
757	7432
157	7147
143	4407
281	2225
654	5328
788	6912
630	2544
779	1861
31	8340
987	7388
93	3854
782	8702
195	4378
834	9346
936	9108
267	470
69	7343
209	485
531	552
489	1479
494	1362
896	3897
310	6301
167	4321
935	581
343	3971
261	9014
494	4287
411	4089
237	7693
205	9566
168	1521
393	4840
348	3972
448	3745
47	168
135	884
78	6288
825	2028
165	9223
64	3676
918	5882
946	7925
259	8054
751	5227
882	7032
526	8523
820	2570
90	7517
56	9075
308	4048
583	8878
951	2971
618	349
749	3199
885	3552
961	4320
10	2212
379	7839
371	8409
246	9905
584	7405
538	9929
639	4745
931	1376
986	3674
686	4913
65	2260
63	9961
511	6941
229	1482
126	3637
428	2823
175	9407
384	1690
179	8050
56	6439
909	213
998	619
145	3955
964	9287
305	4666
728	2833
915	2258
923	5015
477	6031
799	5809
883	9334
486	8243
178	3648
253	7742
732	8148
761	1052
791	7671
370	2893
691	2428
776	1344
56	7805
755	4687
838	1305
566	4745
984	6169
963	4941
993	7567
158	5575
347	6630
171	5617
213	2013
256	6842
168	6235
358	5968
220	6129
473	900
86	8800
134	8386
396	5915
562	4831
933	4195
278	5248
48	3074
110	7842
531	2990
779	1221
870	8893
321	660
149	4113
560	1320
96	2003
204	1918
315	6006
934	3308
770	6663
298	2174
897	8248
762	4230
455	7749
243	4878
933	9846
668	9762
499	1720
101	6080
25	5729
718	7848
574	6980
110	4528
852	6233
969	2894
672	9359
784	427
246	8142
719	2432
893	8269
776	1131
498	3652
763	7161
97	1791
646	7765
322	8481
192	3794
850	9682
636	4487
126	7101
619	6344
933	6661
22	5348
381	574
388	4409
265	226
314	419
55	4170
763	1945
414	6498
80	9899
480	9792
987	3477
189	4426
332	6025
955	6371
861	3784
115	6452
200	4512
579	6215
8	4720
976	5643
77	9867
770	1880
72	7433
723	7631
92	361
264	1227
572	7313
728	4847
389	8327
191	3657
661	1507
411	3675
572	4230
48	5915
675	3900
885	4649
102	85
437	5844
298	1146
181	9983
917	5636
284	4623
370	4409
248	1660
239	993
231	8192
362	8112
439	5504
810	4407
370	2831
414	1147
886	4274
139	4711
486	8579
608	1905
231	5071
750	9806
180	9218
958	9917
139	8132
370	2874
618	1423
549	1807
941	7104
666	7338
223	5706
825	1752
767	7422
659	1550
123	2898
948	7405
576	7186
406	7520
318	1813
823	8845
645	8513
548	5
185	6957
83	4017
357	4411
555	9787
496	5163
242	8685
693	4497
982	3741
850	589
924	9567
731	3546
29	9806
881	9484
870	1678
398	2680
499	907
418	3484
339	9784
164	8244
640	9190
164	1536
931	5666
299	740
286	4433
878	3070
874	7925
692	1953
196	4882
697	6770
336	465
744	4886
882	3726
418	4481
100	9297
436	3512
914	9643
342	7982
129	8009
896	3384
192	8570
52	7576
626	6930
220	8376
933	7059
495	8608
618	1056
431	7965
913	2091
957	839

