110100000100000000000000000
011010000010000000000000000
000110100000100000000000000
000000000110100000100000000
000000000100000000110100000
011001000001000000000000000
000100110000000100000000000
000000000000000100000100110
000000000001000000011001000
000001011000000001000000000
000011010000010000000000000
000000000011010000010000000
000000000010000000011010000
000000000011001000001000000
100110000000100000000000000
000000000000000010000010011
000000000010000000110010000
000010110000000010000000000
000010011000000010000000000
100000000110100000000000000
000011001000001000000000000
000000000000110100000100000
000000000000100000100110000
000000000000001000000011001
001011000000001000000000000
000000000000100110000000100
000000000000100000000110100
110010000010000000000000000
000000100000100110000000000
001000000011001000000000000
000000000000001011000000001
000000000000000001000001011
000000000000011010000010000
010000000011010000000000000
000000000000011001000001000
010011000000010000000000000
000000000000010000010011000
000000000000010000000110010
010110000000010000000000000
000000000000010011000000010
000100000000110100000000000
000110010000010000000000000
000000000000010000000011010
000000000110010000010000000
000000000100110000000100000
000000010000010011000000000
010000000110010000000000000
000000000000010110000000010
000000000000000010000010110
000000001000001011000000000
000000000000001000001011000
000100000100110000000000000
000001000000011001000000000
000000000001011000000001000
000010000000011010000000000
000000000000110010000010000
000000000010011000000010000
000010000010011000000000000
000010000000110010000000000
000000000010110000000010000
000000010000010110000000000
000001000001011000000000000
000000000000010000010110000
000010000010110000000000000
