110100000000100000000000000
011010000000010000000000000
000110100000000100000000000
000000000110100000000100000
000000000100100000110000000
001011000001000000000000000
000100110000000010000000000
000000000000100000000100110
000000000000001000011001000
000001011000001000000000000
000000110000100100000000000
000000000100000000100110000
011001000010000000000000000
000011010000000010000000000
000000000011010000000010000
000000000010010000011000000
000000000001011000001000000
100110000000010000000000000
000000000000010000000010011
000000000000010000110010000
000010110000010000000000000
000000011000010010000000000
100000000100110000000000000
000011001000010000000000000
000000000000110100000000100
100100000110000000000000000
000010011000000001000000000
000000000000000001000011001
000000000000000110000100100
110010000100000000000000000
000000000000100100000110000
010110000010000000000000000
000000000000100110000000010
000100000000100110000000000
000001000011001000000000000
000000000000001011000001000
000110000100100000000000000
000000000010000000010011000
000000000011001000010000000
011000000001001000000000000
000000000000001001000000011
000000000001000000011010000
000000000011000000001001000
000001001000000011000000000
000000000010000000110100000
000000000000000010000001011
000000000000000100000010110
000000000000011010000000010
010010000011000000000000000
010011000000001000000000000
000000000000000010000110010
000000000000000011000010010
000110010000100000000000000
000000000000010010000011000
000000000010110000010000000
000000000100110000000010000
000010000000010011000000000
000010000110010000000000000
000000000000010110000010000
000011000010010000000000000
010000000010011000000000000
000000000000011001000010000
000000000110010000100000000
000000000000110000100100000
110000000010010000000000000
000000000000010010000000110
001000000011010000000000000
000000000000011000000001001
000000001000011001000000000
001001000000011000000000000
000000000000010011000000001
000000000000010000000110100
000000000000010000001011000
000000100000010110000000000
000100100000110000000000000
000011000000001001000000000
000000000001001000000011000
000000000000001000000011010
000000000110000000010010000
000010010000000110000000000
010000000110100000000000000
000000010000001011000000000
000000000000100000010110000
000010010000011000000000000
000000000010011000000001000
000000010000110010000000000
000000000000011000010010000
000000000000110010000100000
000110000000010010000000000
000000000010010000000110000
000001000000011010000000000
000000000000110000000010010
010010000000110000000000000
000010000000110100000000000
000010000001011000000000000
000100000010110000000000000
