010110100000000000000000000
001011010000000000000000000
000000000010110100000000000
100000000110000000010000000
000001001001001000000000000
000110011000000000000000000
000000000000000000100110010
000000000000000000010011001
000000010000000110000000100
000000000100100000000100100
110011000000000000000000000
000000000001011010000000000
010000000011000000001000000
000000000000001001001001000
000000001000000011000000010
100100000000100100000000000
000000000000000000010110100
000100000000110000000010000
000010010010010000000000000
000000000000110011000000000
000000000100110010000000000
000000000010011001000000000
000010000000110000000100000
000000000010010000000010010
000000000110011000000000000
011000000110000000000000000
000000100000100100000100000
000000000011000000110000000
001000000001001000000001000
000001000000001001000000001
000000110000000011000000000
000000000000000000011110000
000000000000000000000011110
000000000000000110000000011
000100000100100000100000000
000000000000000000001011010
000010000000011000000001000
000000000000010010010010000
000001000000011000000010000
010010000000010010000000000
000000100000000110000000010
000100100100100000000000000
000000000000000000000110011
100110010000000000000000000
010011001000000000000000000
010000000110000000100000000
000000000001001000000001001
000000000000000000110011000
000011000000110000000000000
000000010000010010000010000
000000000000011000000110000
010000000010010000000010000
000010000000010010000000010
000110000000011000000000000
000000000011110000000000000
000000000000011110000000000
000000000000110000000011000
000010000010010000010000000
000000010000000011000000001
000000000000100100100100000
001000000011000000010000000
001001000000001001000000000
000000011000000110000000000
000000001000001001000001000
000000000000000011000000110
100000000100100000000100000
000100000000100100000000100
110000000011000000000000000
011110000000000000000000000
000011110000000000000000000
000000000110000000011000000
000001000001001000001000000
