110100000000000000000000000
011010000000000000000000000
000110100000000000000000000
000000000110100000000000000
000000000100000000110000000
001001000001000000000000000
000100110000000000000000000
000000000000000000000100110
000000000000000000011001000
000001011000000000000000000
000000110000000100000000000
000000000100000000100100000
011001000000000000000000000
000011010000000000000000000
000000000011010000000000000
000000000010000000011000000
000000000001001000001000000
100110000000000000000000000
000000000000000000000010011
000000000000000000110010000
000010110000000000000000000
000000011000000010000000000
100000000100100000000000000
000011001000000000000000000
000000000000110100000000000
100000000110000000000000000
000001001000001000000000000
000010011000000000000000000
000000000000000000100110000
000000000000000000000011001
001011000000000000000000000
000000000000000110000000100
000000000000100000000100100
110010000000000000000000000
000000000000000000110100000
000000000000100000000110000
010010000010000000000000000
000000000000100110000000000
000000000011001000000000000
000000000000001011000000000
000110000000100000000000000
000000000010000000010010000
110000000100000000000000000
000000000000000100000100100
011000000001000000000000000
000000000000000001000000011
000000000001000000011000000
000000000001000000001001000
000000000000000001000001001
000100100000000100000000000
000001001000000001000000000
000000011000000001000000000
000000000000000000000001011
000000000000000100000000110
100100000100000000000000000
000000000000011010000000000
010000000011000000000000000
000000000000001001000001000
010011000000000000000000000
000000000000000000010011000
000000000000000000000110010
010110000000000000000000000
000000000000000011000000010
000100000000100100000000000
000110010000000000000000000
000000000000000000011010000
000000000000010000000011000
000000000010010000010000000
000000000100110000000000000
000000000000010011000000000
000000000110010000000000000
000000000000010110000000000
000011000000010000000000000
010000000010010000000000000
000000000000011001000000000
000000000110000000100000000
000000000000100000100100000
110000000010000000000000000
000000000000000010000000110
001000000011000000000000000
000000000000001000000001001
000000001000001001000000000
000000000000100100000000100
001001000000001000000000000
000000000000000011000000001
000000000000000000000110100
000000000000000000001011000
000000100000000110000000000
000100100000100000000000000
000100000000110000000000000
000010010000010000000000000
000000000001011000000000000
000000000000110000000100000
000000000000010000000010010
011000000010000000000000000
000000100000100100000000000
000000000011000000001000000
000000001000000011000000000
000000000010000000110000000
001000000001001000000000000
000000000000001000001001000
100100000000100000000000000
000000000000001001000000001
000000110000000010000000000
000000000000000000000010110
000000000000000010000000011
000000000100100000100000000
000000000000000010000010010
000011000000001000000000000
000000000000001000000011000
000010010000000010000000000
000000000000000000000011010
000010000000011000000000000
000000000000010010000010000
000000000010011000000000000
000000000000110010000000000
000000000010110000000000000
000000000000011000000010000
000010000000010010000000000
000000000011000000010000000
000100000100100000000000000
000000000110000000010000000
000000010000000110000000000
010000000110000000000000000
000001000000001001000000000
000001000001001000000000000
000000000100100000000100000
000000000001001000000001000
000000000000000110000000010
000000000000000000010110000
000000010000000011000000000
000000000000100100000100000
000000000000010000010010000
000110000000010000000000000
000000000000010000000110000
000001000000011000000000000
000000010000010010000000000
000000000000010010000000010
010010000000010000000000000
000000000000011000000001000
000010000010010000000000000
000000000000110000000010000
000010000000110000000000000
000000000010010000000010000

