100110100000000000000000000
010011010000000000000000000
000000000100110100000000000
100000000110000000100000000
001001001000001000000000000
000010111000000000000000000
000000000000000000100110100
000000000000000000001011001
001011001000000000000000000
000000100000000110000000100
000000000000100000100100100
111010000000000000000000000
000000000010011010000000000
010000000011000000010000000
000000000001001001000001000
010111000000000000000000000
000000000000000000010011010
000000000000000000010110010
010110010000000000000000000
000000010000000011000000010
000100000100100100000000000
000111010000000000000000000
000100000000110000000100000
010010010000010000000000000
000000000000010111000000000
000000000001011001000000000
000000000000010000010010010
000000000111010000000000000
111000000010000000000000000
000000100000100100000000100
001000000011000000001000000
000000001000000011000000001
000000000010000000111000000
001000000001001000001000000
000000000000001000001001001
100100100000100000000000000
000000001000001001000000001
000000111000000010000000000
000000000000000000111010000
000000000000000000000010111
000000000000000010000000111
100000000100100000100000000
000010000000011000000010000
000000000010010010000010000
000000000010111000000000000
000000000010110010000000000
000010000010010010000000000
000000000000111010000000000
000000000111000000010000000
000100000100100000000100000
010000000110000000010000000
000000010000000110000000010
010000000111000000000000000
000001000000001001000001000
000001000001001001000000000
000000000100100100000100000
000001000001001000000001000
000000000000000111000000010
000000000000000000000111010
000000000000000000010111000
000000010000000111000000000
000100000000100100000100000
000111000000010000000000000
000000010000010010000000010
000001000000011000000001000
000000000000010000000111000
010000000010010000010000000
000000000000111000000010000
000010000010010000000010000
000010000000110000000010000
000010000000111000000000000
000010000000010010000010000
