2
-1 5
-5 5


2
-5 -4
-2 -1

15
  1  -4   7   8  -5   9    1  -10    9   0   3   1   5 -10  -2
 -9  -4   5   9   2   2  -10  -10   -5   4   0   6   4   6  -1
  9   3   2  -9  -4  -7    7    9   -8  -3   1  -6  -6  -8   7
-6	1	-8	-1	-8	9	1	9	7	-2	8	2	-5	4	-6
-7	-2	-2	-7	-4	10	-9	3	-7	-5	-7	9	-9	9	4
10	-5	-1	-7	6	-7	-5	-6	4	-4	-7	7	-5	5	-2
8	-10	1	-3	2	-9	-7	5	6	8	-7	7	7	2	0
0	-6	-5	2	2	4	4	2	8	0	-1	3	8	5	6
9	5	-1	8	-4	8	-6	-6	2	5	-7	-5	5	1	2
-9	1	7	-10	-8	-7	-8	5	3	3	4	-6	-7	9	5
6	-2	0	5	-8	-8	2	1	2	1	-7	-1	2	-8	-2
-1	3	-4	-6	-4	-2	-3	8	-9	1	6	1	-7	3	-2
10	4	-4	6	-10	4	5	10	5	7	-2	-1	5	6	5
-3	9	-4	5	-2	-2	2	4	-5	4	-6	-1	1	2	0
5	6	4	-6	9	-3	2	-7	-2	-8	-6	-6	5	-3	-4



1
-9

1
9

0




4
0 -2 -7  0 9  2 -6  2
-4  1 -4  1 -1
8  0 -2



