
10 100
100 1000
5000 9000
1234000 123456000
5567 900000000
34556 10000000000000
43324234 85675676576575675675
8678678 345345345345345345353453453
235432435425 4364364653453646353643645656345646345
1 100000000000000000000000
234134 454765765674567457645
123421341234234 3465546345465634546564636
453643644654656645 45645465645465564645465654465465645
1 2
1 5
5 5
6 7
4 5
1 1
334 45564645
4356 56765878768787678768657856785576
23545 6547657457665
234535 46765758908765432
12 500000000000
45 9000000000000000000000000000000000
2354 566546456456456746545765464564
0 0 



1 1
1 2
0 0 



10 100
1234567890 9876543210
3 5
5 8
0 1
1 2
0 2
0 7
298611126818977066918552 483162952612010163284885
1 36726740705505779255899443
8 12
8 13
1 100000000000000000000000000000000000000000000000000000000000000000000000000000000000000000000000000000
21 1
0 0 







0 3
3 3
4 4
1 4
9 10
0 10000000000000000000000000000000000000000000000000000000000000000000000000000000000000000000000000000


10 100
1234567890 9876543210
0 0

