0 2 1
0 0
0 0
0 0
0 3 1
0 0
0 0
0 0
0 0
2 3 1
-5 0
5 0
-5 0
5 0
5 0
0 0
3 0 1
0 0
10 0
-10 0
20 0 



2 0 1
0 1
0 2
0 2

2 0 1
0 1
0 2
0 3

2 0 1
0 1
0 -1
0 2


0 2 1
0 1
0 -1
0 2


0 2 1
1 0
-1 0
2 0

2 0 1
1 0
-1 0
2 0


0 2 1
1 0
-1 0
0 0

2 0 1
1 0
-1 0
0 0


0 2 2
0 2
0 -2
0 3
3 0


0 1 2
0 0
0 0
1 1

1 0 2
0 0
0 0
1 1

2 2 6
-1 0
1 0
0 2
0 -2
0 0
1 0
2 0
0 1
0 2
0 3

3 0 1
0 0
0 1
1 0
0 0.5


3 3 2
0 0
10 0
0 10
20 20
20 0
0 20
5 4.9
15 15


3 3 2
0 0
10 0
0 10
20 20
20 0
0 20
5 5
15 15

3 3 1
0 0
10 0
0 10
20 20
20 0
0 20
40 40
0 0 0

