-17010
9631
-19457
10383
-4314
-2707
11857
11608
-9639
6471
-20814
4062
21279
-13101
-14201
-715
-22680
2656
16459
-11622
-15351
11218
-16858
18807
-14989
-21741
23244
15039
-12696
7741
-6953
-20338
-21557
-21603
-16456
-22431
2627
22654
3373
-10804
12015
-12157
18982
-13183
-1140
-4163
22649
-22336
-564
18806
-22460
20020
5850
8161
24448
18527
13731
23514
-4878
-16366
-7458
22847
4763
-6274
-3661
19894
-16669
-14287
-24882
7165
-23724
4550
-7921
-615
7624
-11479
9630
-3028
-16741
7421
-3112
21892
11417
22426
2592
24410
-12765
13668
-4899
-11200
-9183
-23537
7879
-16514
-2084
-5368
729
-19033
24939
-7343
-19143
22661
15704
-18953
-20279
18516
7815
17460
-22015
-24647
-20891
-12752
1100
-18757
-2987
1258
-16667
10529
-23825
17707
-17154
-23509
18839
20479
1131
17322
12532
13706
629
-18120
5992
7359
21833
-8871
-1002
12511
-1496
-14710
5957
1652
-3295
7186
10717
-12699
-8865
-4431
1337
-10446
-16845
-6759
-1505
-5237
10982
19107
17702
-12460
-7911
22688
15459
-12987
15734
-5426
19084
-5157
21095
4253
-10713
-3789
-19042
-8483
7808
-843
13607
-3572
15177
-14264
791
641
76
2785
21744
8237
11587
5985
20051
23687
-345
18649
12710
11638
-13151
-10128
-622
-21397
-3952
22279
21477
-7864
-9046
-13174
13110
1357
24810
-4304
15503
-17627
15199
-15041
4503
22445
8184
-21896
-10403
-13086
-17535
-24828
-20414
-15328
20115
-11449
-13668
10056
17578
10375
-14980
19993
7242
22954
15701
-12655
-21861
16857
20833
10264
15381
-279
-15524
-23391
18974
5346
412
12601
18321
-21860
11489
-7979
-24001
-14178
16527
7804
9566
-3876
23346
17850
21444
-7098
7746
14136
-4181
-19414
-12029
6889
12633
15307
16111
21200
-6255
11020
-7533
-4205
24252
16248
20370
-20185
5346
6336
-6266
-22481
-14259
15727
10192
-2659
1433
23659
16503
-6358
5662
7377
-8153
-9272
-21799
-11332
62
18743
-8865
-2455
-2881
-15400
-3673
21869
-21675
3067
-6495
18522
20072
14718
-19829
-4004
-19526
-11130
11409
-6291
-6544
-3802
-12805
1385
18471
-16657
-24701
-9107
-9995
-12243
8019
-6155
-1559
-10884
15187
13392
-121
-23235
-4405
-6011
14184
-1890
-5036
-13844
11990
245
17236
9953
2742
-18619
5740
22116
2902
-21968
22885
18838
18056
8896
-805
-4906
7815
-24663
11124
4646
5383
8024
16856
-19062
7866
-19714
17071
-24293
-22915
21059
10373
-13995
-24111
-23884
3837
1202
-14239
960
-22841
-17509
-20557
-7429
11338
-20215
-13851
7858
-180
15722
-19589
-20531
3573
12473
22925
5537
-23657
-6279
20032
16253
16511
-7505
20604
-1730
5022
-12711
20036
-24306
3584
12232
10709
3943
8876
20459
3513
-9626
-19755
-918
-12325
16432
827
-16930
19295
-592
21640
3786
21080
-3547
12148
14666
-8127
13649
-23644
21097
-22494
-14644
-9181
-283
14446
-17148
23177
24320
11798
5529
23763
-24087
-18536
9322
22635
14311
15877
15103
-10899
10626
-479
19013
-15588
-6141
18148
11774
-21934
-16693
15594
2867
-22947
-24863
-637
-24798
16167
-18900
9044
9404
-11495
-20500
21701
23201
12484
9801
4957
-3440
-11500
24628
949
21401
18407
-15015
2212
-15128
9620
-21374
-12359
9111
12641
-13997
19672
-23294
19756
-24879
-12263
21775
-16443
18133
-24685
21657
7547
6738
18181
14326
16933
-23769
-14982
-4230
11480
6819
-9039
6743
9197
-1715
-20648
-5979
-6485
-7913
-8522
-19009
-22573
-6345
-17689
-13289
-1371
9269
15587
-6520
19688
22197
-23828
13318
-6205
20332
7020
23281
-17436
12224
-15929
-15628
7514
-16175
7928
-1470
22708
-409
-14730
-11197
17096
-17095
16730
358
23712
8474
-20657
20709
24425
-11057
24901
-22061
4855
-12510
22720
-7338
-5873
-22254
10557
9813
-8028
-21214
20383
14739
-9041
11941
7914
16487
886
12295
14586
-16464
5282
9383
-13419
16127
-20096
9031
-10232
-19259
10369
-18991
-6670
17857
-4561
-23581
6515
13341
18476
11992
1390
-20708
-68
-23405
-22735
6008
16208
21475
-23943
-24660
-480
-12805
19883
-22470
24679
-20425
-21285
-9171
3152
8357
-13903
20375
-1733
-16074
-8075
-20791
6043
-18583
-13966
-15508
24580
3678
153
8561
-13160
12086
20634
-19597
-1230
9322
20566
-10492
9470
-14967
7815
-14501
-8929
-3679
-19882
-13671
-1567
-20952
12061
201
-17932
5245
20090
2978
4803
5415
-7412
5677
4574
20841
5962
12157
-2522
23281
6904
7695
-8463
12446
21353
-8659
15533
3627
-7699
-13447
977
14060
-20457
-9870
21869
19690
1316
-13313
781
13298
-6095
20642
-19734
-4350
4412
-3868
16783
22898
-19940
6785
-7816
-3603
-17955
-3471
7525
-7735
4928
20551
-11930
-17815
-8277
1227
-20017
-8824
-22380
-8723
20985
14217
6437
24098
2764
-11383
11585
-11072
13036
-14922
-15499
17254
-13370
-20839
-15158
-10702
-10099
33
-8346
2276
-24745
13658
6008
23890
9984
-4220
965
10042
7036
4900
23791
9180
5801
-22477
-3911
13395
-14409
22665
-13401
-1076
9044
626
-18515
-10721
-1106
9111
3707
15500
3228
18913
-9320
13718
-22975
-6824
18946
-4364
384
-19164
12303
12532
22854
-7081
-101
-10146
18102
285
-11365
18659
-21726
-3183
-7862
-11431
22964
-24983
-5808
-10553
-5230
-15095
-9285
-19584
1484
8815
-24363
16340
-24622
3768
1843
-2405
13514
-4459
12374
-9799
-18727
-21382
674
-15820
-16324
13939
-6380
18315
23051
12858
23855
2024
23617
-19147
-5676
-18340
-1137
-19646
16926
-4049
-23016
23942
16928
-971
-11722
-22456
-10288
1993
-23891
-154
-3328
89
15301
3923
14039
5063
-20755
-1098
18946
-9236
8222
-8241
-24286
6832
16597
19180
1994
20227
14576
11811
-5141
390
-13577
-18709
5852
18889
4409
-11522
11783
-19976
23583
22024
22272
-4130
7425
6876
-5887
-13246
-3586
-8766
-3048
-6605
-6350
-15496
18448
-17444
-8356
15368
-11475
15144
24804
-2139
-6429
16962
-4655
24119
14690
12089
20744
-24090
9714
20008
8477
-12905
-18522
-22486
13879
-8379
2227
-2552
-16463
-4280
-13640
-22789
12847
-20104
12217
-20842
6272
-8631
-13124
13873
12992
15684
8833
280
-15790
6926
-21265
-5583
-10451
-17513
13622
4967
-24538
-5350
7494
-13401
24424
4862
-18260
8153
23720
13808
12061
20896
-6085
14062
-24561
-8318
-21223
-11899
-6508
24643
21558
22772
-14914
-24218
13369
20688
4801
-8287
-10234
-19004
14085
-14267
-18449
-13121
-22031
-20074
-22476
-16819
-9927
19067
-9313
-16082
-251
-5228
14395
-16453
-9712
23495
-24024
-18421
13848
-9372
-8043
13466
-218
20800
11942
-19623
8276
-9797
-4446
-16873
8871
19428
20298
-17592
-19223
12023
11980
8306
7614
-10127
-18793
22908
-6948
-2086
5300
23639
-12248
24606
5351
-3919
-612
16569
9470
13901
-21702
14886
2678
-24454
-11446
11407
-8315
7104
15151
-13673
-15461
-213
-7127
2105
-13801
939
-16548
-8307
7813
-12754
21268
-13511
17588
-2425
11071
-15407
-12767
10775
12952
12761
-1376
-12793
1428
-16332
-13452
-16461
-9323
-4687
21321
-10781
-14019
15096
-12426
-8608
21835
-3201
-10558
-18591
-11220
17104
15241
2000
-10683
-13849
22552
357
-15634
-14282
-10031
-1230
4946
-4831
10475
19382
-13134
10298
7680
24615
18419
-12956
-3965
-8544
10808
4134
17160
-24816
-5549
-16537
11918
-24798
20719
-24444
23069
-19128
374
-24360
3864
9897
-2359
10389
-22369
-15562
-10655
-10853
3915
5404
-9102
-11452
700
-18423
-1592
20943
-332
18032
23694
-19963
7571
2243
4536
-17943
21609
-19256
21416
10699
-6824
9301
10972
20036
-19313
-9
-21552
19970
-17314
-23309
-18510
-12157
9574
-23171
-2832
10531
-24372
2838
-17541
5333
-21321
6252
-16777
11173
10697
21324
23135
-18319
-23715
-1956
21917
-6572
-7974
-1692
-18302
24037
20369
6094
-17402
-8336
20614
-2410
-14231
-7618
10091
-8214
-3453
5346
-9759
1665
13255
-2103
2517
-18884
-13798
-11258
20932
5335
15358
-16097
-5617
6735
16763
-12408
-4426
22208
-10629
24509
6025
8362
8895
8546
-22845
-22132
16693
-9422
1637
5975
12259
958
6219
14747
17493
-22400
3205
-18009
-17927
-16802
-3030
-16427
-17708
-11785
-24793
-16894
16727
20990
13349
6570
22498
-3800
11618
102
-17380
19494
-8445
13357
20151
-2348
9908
11164
1464
-16782
13573
-24517
-4250
23114
3625
-17433
16391
15009
19736
-23904
-17851
-22697
-21176
10974
8810
18616
21121
-8806
-14155
3870
-6162
-24228
-1236
-16754
-11461
-4288
1408
6621
16108
14398
-1636
9958
7874
22528
24695
22861
2467
19377
14637
5196
-7190
15543
780
-11437
1359
12013
-22404
18578
16269
3492
21487
13833
-22552
682
-12841
23208
575
19119
-21741
-21295
20115
22245
-3595
11405
-21868
-11507
-5271
-24457
-24347
5822
13226
-19246
8635
-18989
-16799
-16430
-14013
-11757
3113
-22000
20271
-12553
-15772
-11459
-17887
-8499
-7560
13927
-6264
822
-19215
-16825
10788
5845
405
5018
-19
10738
-16670
-22163
8899
19952
1441
-8664
21484
14719
-5194
12012
9828
1210
4938
18509
-4807
-1378
-2098
-19024
3768
7000
24965
16874
7087
-7829
1837
13986
-9151
-7307
12214
4019
13878
-10978
9177
24796
20716
-19549
2370
-9499
-12622
7221
23081
-2161
12812
-15794
15698
15678
-15244
14943
-20602
12051
14625
-22275
9169
866
24020
-19846
-4342
13398
-2692
9796
-7063
-23823
-16415
-12
23325
17244
4501
-11587
-20211
-1746
-3932
7690
-13801
-8852
-20969
-8788
9416
-5311
12147
-19370
24193
20775
-1969
15864
24400
-83
5613
2421
-6754
-15806
-7010
-3286
-21649
-4827
10623
10073
2101
-19722
22772
5567
-2283
18234
-24775
-6014
-1905
14783
-11204
-21222
667
15212
7644
-24807
-9601
-9568
19927
-17420
-10115
-10153
11087
-10489
17517
3533
23510
6224
-11879
-5146
-24225
-4469
-10578
24722
4747
10185
-6467
15746
-4487
-15863
-24479
20296
-14280
-6406
17088
2217
-12225
-113
-2995
4961
6094
-11879
8354
-23896
-15603
7237
19748
18270
-19266
17802
-6147
1566
21406
743
15439
-17163
-24450
-14697
-12100
21011
-10775
5083
-19490
10095
10768
-24339
-11668
16515
21818
107
15447
-23743
-20723
-9942
-6396
5402
-1536
17959
23938
-3066
-13252
18613
-19473
-1206
-15629
18856
12895
-13712
-18877
-17770
24659
-2030
-831
5618
-8069
-1167
11672
-3127
16162
-11836
-23635
-10790
-20458
-24719
-17095
24048
-4408
8319
-22621
18423
10213
12362
-11016
-13149
12627
-4341
4149
-15591
15536
2357
1499
3498
-22484
17080
20243
-22804
-7817
-2017
-15552
-24729
-17242
-2544
17262
-2254
-17082
2062
-18999
18987
-15571
3391
10017
-22677
3765
14520
21296
-10285
17875
-17709
-4305
17964
-22248
-17186
6884
16243
-11917
-11906
-16304
15011
6023
-4580
-8789
352
24246
-6311
-2839
477
1148
-6335
-10607
5106
22459
3
12982
22925
-2922
12975
22243
21243
6677
-20315
24801
4389
-5431
-2814
10521
7426
-6498
-5441
24993
8894
145
17460
-9387
17251
24891
24448
-1638
-16280
-11156
-16082
14762
-10657
-16494
-8004
-10774
-22209
-5597
21601
-13248
14579
12018
-21559
-5512
21824
5570
-1109
-2649
20382
-21664
-2900
15365
837
23938
1199
16664
17144
-5958
-18482
2365
-908
21586
14795
21535
14568
-17711
-10728
-17382
19825
22161
18415
10253
11387
1485
-1967
-16751
-9486
22126
-10219
20109
20408
5130
-23077
-3731
15689
4246
-13896
18860
4007
-4884
24840
-24747
21704
-4159
-24872
-11052
-8728
3646
13372
15040
16001
21936
-2526
-13638
-19416
3752
7879
733
13066
-24607
-2040
-1480
24857
-1073
4702
-23123
8466
8093
-12684
-4675
-10669
-12006
-15359
21599
12837
-15237
22329
-24225
-20958
19861
-1282
1331
-13847
-10696
19649
-18044
-15278
-14381
-11520
6428
16430
-23668
-4301
-18181
-8188
-18110
5115
18576
8446
-12235
168
10536
-11148
-15002
-17838
10216
-20188
-15636
-21453
-10754
-23167
-9679
-2577
2124
-4680
9652
7278
-19645
-6027
-519
2625
-19659
-11510
23000
24458
-21906
13876
-17774
2559
17916
23641
15180
17331
-10426
-4832
-5760
17458
24318
-475
8802
-21170
-1122
10930
891
473
21255
3564
-6849
-5269
14932
-11217
-4314
11686
13155
17325
-9227
16582
18536
48
24282
13018
14392
-3506
-20511
6833
14825
-20244
8141
-12653
9673
13059
10826
3065
-5579
-3328
15869
-10247
-7750
15276
433
16651
16277
-24419
7334
6549
12417
-9977
-1920
12509
1532
-22804
16241
-19276
5697
23068
3157
-17311
-12462
-11110
-6706
19543
-9980
5496
54
18122
11140
15492
-21590
-4815
14143
22869
7319
23480
-8356
-1093
-3683
22755
3612
20823
-22114
11089
-8924
16200
-10777
-16570
-4703
-15206
-22137
-16652
5122
-24375
-13615
-20577
17353
14085
100
-19984
-6154
-16496
-124
9350
7757
-9038
-11518
7792
-17339
183
4366
2643
9184
-15557
-21558
23595
-16481
-15753
-9173
18748
7031
-7437
17585
-21498
4361
14902
19879
-6512
-3438
12542
23709
-24230
236
6675
-7381
-6315
11691
438
7685
-3619
-17130
16686
-10423
-8020
2148
-13337
-8810
-14187
5954
4798
13260
21444
-12796
10987
-19139
-20134
8884
12096
14790
15482
-17489
-9369
2948
-20694
20579
7772
14207
1344
-10815
-1383
18739
13407
-23046
-4225
5463
-15040
-14322
-14756
17765
-15634
16082
11544
10434
-13966
1255
24209
3709
12519
14044
-16016
-18004
-13970
19606
8566
14871
21419
2759
8693
-22518
5249
-23889
-23535
4786
13428
-21654
-18973
-24133
-10023
-17431
-11599
-10920
7613
7517
6813
-17808
18341
33
4438
2770
-17161
-16117
7698
12005
13484
21833
-5836
-17064
-14264
14582
-23469
7357
-18722
7171
-3736
5722
13596
4508
-5993
17908
20070
-23598
-11256
19268
-3525
21154
-24167
-24148
-20801
-19498
7756
16328
-10434
22844
-24703
-22581
23411
-22095
14136
3503
9366
18005
21276
21027
-16113
5975
-780
20247
-14313
-235
17389
9037
-24363
-7396
23944
-8010
13436
-13487
-24060
-4653
17490
-14704
13497
23582
-852
9747
-21218
-4935
-2293
17592
11741
17539
3531
22054
17812
21590
-9922
-17922
-17034
-12913
-15305
9727
-9921
10859
-13297
-9450
631
-2669
300
-23143
13660
22480
-4293
24066
-10932
16845
-12138
-20144
-21387
-2669
22067
-6615
-18998
-21583
7670
-24843
-12001
5985
-10637
9559
-5469
18158
1800
-1117
18196
5977
18787
-21324
-20315
-24515
22613
15213
17524
16137
-302
-4311
-10466
11275
-7536
-15520
22571
-10637
16264
17363
-11085
20925
-7610
-12383
-13984
1074
-2443
24084
7833
9429
4223
1014
-24642
5941
-291
21031
10371
20217
-6877
-3552
-12735
-24220
-13984
1479
8461
-4499
-4576
1174
12986
-2514
-19956
13515
-18269
-6182
3398
10414
10944
10696
18476
-2190
-13901
-2364
5402
6140
22987
8477
17774
-19518
-24597
-20602
13323
-12276
-5375
23533
-13951
-8886
-21628
-17637
23476
-24307
11270
1904
-19353
-4143
-5441
-23097
-19378
-16845
1780
-5887
-10164
2065
-9180
10753
22714
20369
-1096
22808
10821
19641
14026
20991
10917
-23357
-1676
-23431
-22497
-3659
7023
9869
5081
1079
5730
8591
-6128
5170
3332
-21102
15660
-7600
6736
11257
-19200
-24984
19043
-19850
4104
-11010
17203
13891
18404
23203
-12747
12970
-15535
-22252
17842
-1779
21992
-21438
-2512
-11275
-2125
-21811
19654
15517
-10446
-8227
-1947
-1957
-15252
-12658
14194
24088
-19052
-3990
-24976
-12247
-22817
-10833
-10061
213
-16352
-8397
-18848
185
-18151
-16579
17223
10218
16829
6250
-24936
-19931
-21407
12791
18837
17331
3380
12619
19461
-2265
-1047
5168
-12475
-6230
3368
6129
-11900
-19528
20043
16588
23078
22630
-6256
24509
17314
9600
-18065
-7480
-2980
15574
10106
-15763
11984
-3486
-15270
-3838
-6436
-21980
7222
12127
12153
-16222
-1969
20308
18507
-16043
8133
-24138
3857
-9257
10404
-4912
-24533
4964
216
19242
1929
-10161
8647
2054
5126
20177
19179
19443
8380
-375
18669
-2901
-18844
-5490
11707
-908
-7882
16974
-2980
16468
-12426
-7749
3020
-3155
20268
10251
10758
19861
20553
21054
4480
-5983
17182
-3163
9755
-10860
140
-18342
-259
9261
-8017
-13618
-892
8573
-5688
-3507
14495
-16932
-6607
5311
7930
11083
-11036
-16813
-18915
-4362
-14633
-22107
2130
15892
10483
-15499
-17788
-4118
14350
15042
19519
-22501
-21738
-12612
-2414
7332
-21364
23962
-5614
-20198
-1129
-14218
10640
-19312
6102
6764
-24602
9284
21426
-18057
15007
24634
5789
-7399
17279
23244
-8827
-13744
15060
11501
-18169
20676
-4380
-5332
-7704
-17953
24232
-12899
13097
-7376
-7920
19545
-15269
9829
-10550
-3316
-19403
19123
13140
-12650
4854
23043
12109
-9446
-12325
17702
18788
-9196
6125
3681
-20834
-14883
6689
-4349
-20218
-4698
-17754
-9167
2976
12135
15727
-13526
-15697
-7987
16744
-16990
-19503
18509
-4940
-6745
-2919
19716
-18493
9506
-19973
14398
9512
5736
8650
-19612
-20783
-6035
21001
14597
3348
24933
-9853
-5062
-23690
-8643
-19234
13237
-7628
5279
-14522
-15590
2792
24730
-10072
-13190
637
13802
4529
-15911
-14407
-1883
871
8723
-13300
-5207
-4268
1438
7507
468
-11075
-4634
22503
-152
-11779
23294
-8307
-21952
-3402
-22155
-4512
23921
-11284
-17777
24855
6496
-8173
-7019
7026
-20745
7917
-16135
-5991
1950
6502
-24177
9754
21195
-14977
-22102
3610
22953
-1185
5959
22627
-7560
14970
-11413
19761
18585
21894
-9557
-15621
2050
10197
23038
16646
-19814
-22481
-14124
21808
-12172
-20677
10178
-12021
2657
-5761
-22292
-24760
-13009
-14206
3531
-14406
18200
-22221
11877
14751
-23606
-78
3335
10976
20428
9164
16895
-10729
2497
20672
17977
-6368
15055
-10495
5870
12111
18703
4855
24524
12459
3698
-19019
19573
13550
-19729
22485
23849
14026
-17144
9286
-8124
-23988
24369
21711
-23273
21673
727
7816
-13254
-13931
24768
15758
-14368
1693
16637
-12437
-8751
-8407
-16362
24560
-1063
-4573
-3840
-6321
-3845
6466
13547
13935
13814
-23392
24125
11145
-2308
-18526
8930
-11082
-8516
7731
-4561
-23475
3877
-19528
10913
1324
-19292
260
21517
5911
6473
-15924
-19516
392
20904
-9181
21938
8905
-13482
9618
4246
1542
-5273
2607
-21130
2790
-1901
14438
22999
19967
-734
9177
10819
-15056
-20677
21296
9325
24422
-24930
3073
1837
-11088
4254
7634
8335
-12444
11320
4359
-20422
-16494
6039
13156
-7481
20230
12308
7861
24325
-22695
-21893
-6121
-9430
12112
6333
-9688
-6491
24182
-24857
-17622
-13513
-13686
17124
-10848
-9420
-21336
-24184
-7525
17079
-13485
17399
-7564
-19943
9704
-1151
9772
-1315
-20685
-16191
870
-22087
-19653
9044
797
20928
15777
-20208
16855
-22904
9697
5009
5674
-8978
13667
21202
19133
23852
-7139
12003
21796
-17143
17725
16963
-15290
-18518
-3107
-21394
3417
11796
-10695
19038
-5159
11687
-4168
-18816
-19434
9490
-6360
14144
-1277
-4207
-21924
3299
-3919
18412
-272
471
22258
19415
-11093
23354
-8786
3177
23445
15848
14344
-21978
-8915
-13312
-887
20199
21656
22712
-13434
21143
1576
-12490
20693
-22968
-14873
-12525
-7676
5432
1589
-6187
-23499
-20867
-14455
19158
-5515
10561
-6157
13675
5133
-4934
14263
16757
-18713
-12987
23218
17972
-7771
-14695
-15583
21571
7746
-8601
15956
5259
-17642
-14234
22290
-3178
-8633
-19743
-23601
18751
-9924
-14743
-925
-20340
-21440
19217
-2084
8492
19649
8301
520
-13859
17951
14769
-17309
-3045
16765
17867
10297
14367
-23894
-7712
15284
-12528
-15539
15040
21505
10432
15941
-21115
-6136
8169
-20503
324
-13567
22780
-7805
17309
23432
10592
19588
-21371
-12108
-24070
-20811
-24212
17610
9195
7273
19395
22160
10101
18992
20599
-18195
4404
7235
-2575
14792
11097
-2873
-24786
-18086
-383
17179
6575
-23057
537
-14119
14232
417
10445
23784
-17803
-444
-5009
-8351
12036
20457
-8669
6619
-16288
15566
4017
16378
-24253
-3634
-7254
19104
17299
-18731
1350
-14140
-12479
-10774
-13554
-928
-24227
1673
14093
-14188
15218
12336
9617
206
23078
-14924
10110
-11643
17551
-9550
-18512
19843
8619
-984
-6087
6764
16655
-20457
5807
-14124
10060
-7457
19224
-8504
-22466
15981
13991
13986
24409
16526
3030
-11009
-21558
1245
-8259
1836
18290
6206
1003
16174
-21639
15082
7812
-8517
-12069
22007
19588
-11693
11901
-10588
415
-6534
18718
3844
-10025
-15601
-19066
-9857
5768
16710
-18604
-4087
-332
-13986
-13443
-14017
5816
-19804
-24525
22030
-133
-7859
24654
-7702
612
-20997
-12164
9597
18651
-22031
-11110
1970
21772
-21639
-23719
-8137
22029
-4812
-24932
24652
-13878
7466
-14353
-6979
9287
4363
-20480
20749
9366
-8944
9803
-7262
-20687
-21465
2902
-1320
10522
-22230
10184
-22089
10152
-22153
-2919
-24920
1072
16640
17957
14112
15465
7606
-17662
-23742
-3588
-19319
11001
3921
12222
21309
-3511
143
-3038
7357
9859
-5726
-23270
-6446
-7910
-14623
-7679
-13660
24962
6789
8909
-24329
-18169
24522
3212
-18982
-21257
13026
6348
-11772
-20634
3902
-22739
-12391
21390
-3749
18855
-6350
3508
-2554
5898
-17637
19207
15809
-20467
13440
17680
-2176
-20310
-20550
10570
23593
7490
20581
21513
-8455
12575
-18963
-10871
-14918
-10749
120
-16797
-20313
3294
-14289
-4104
7434
11109
-23826
-13768
-18385
-18404
-20397
-7942
14344
-13796
-2133
-14127
-9672
5865
-11821
-19014
16743
-22519
-11118
-24958
17628
-17617
-7007
24878
-9985
-22815
-17678
-16621
-24352
-5645
8851
3172
5529
-9153
-19816
13634
10149
13945
-17174
-23596
-21051
19043
-798
-16438
4809
-3066
-16512
-18423
-752
-24719
-11698
-9789
19560
-11495
-11650
5030
23544
18015
14841
8250
20832
-19533
-20308
9571
-6757
-1819
-19060
16088
-24535
-12905
21177
-5324
-17083
20548
-355
-20472
5715
13272
16406
-7162
16497
-19600
-6431
11786
-5449
-18727
22862
-24801
-14343
-14679
-23721
-1529
2214
20049
-1070
-862
20438
-17319
17995
-15181
-7094
3686
4977
-23787
16893
-3899
14008
-363
8876
20876
-16520
23344
-4156
-24511
-15639
-7477
-17540
23649
-3160
-14857
1547
14097
-1789
20538
11038
-5442
22452
-6319
-14203
9806
-24586
11129
1438
4824
17893
9744
-19136
3480
3569
-12118
-16703
-11630
8770
12471
-14394
10332
1864
10437
10671
-378
-20679
15075
-11841
-7982
12909
23738
-20738
1146
-17014
20586
9203
-6251
7963
24195
8123
-14664
1821
-15236
2887
-5154
-15356
-19972
15933
-22863
-20359
14364
10964
-2041
4145
-24997
7457
18644
11998
2298
-21644
7642
-24915
-12508
-16219
17452
19573
21049
13810
-2542
-4294
-892
-20835
-13897
-16225
-6765
-14401
-3879
-12732
17781
21149
-23207
4674
6155
21667
-12526
1814
-23802
-6172
20711
-24628
3131
-19267
16926
-12836
1515
-14109
19260
-2750
973
-24742
-11446
-9252
19209
10888
-21463
-1465
-10415
21085
3932
2039
7551
20451
13240
-2412
-4677
-9514
-22229
3935
720
1212
-8636
-21081
-5782
-18018
4824
-8405
-12146
-13238
-6200
-10950
1840
2210
-2810
-22673
-6062
-8653
6356
-22568
-4160
-3056
5921
-20183
1253
-15644
-13383
-9688
-7992
16297
-816
8986
-4719
12036
-18060
-1142
22777
-18974
-17032
-5130
-1496
2309
-13793
20288
-11210
-8523
18588
22467
-4161
6755
14759
2446
4483
14739
-14333
19945
4065
24056
-8819
-208
-21173
-8445
-11612
-7778
7772
17613
10891
5728
-2733
-1587
1578
17834
10021
1624
24742
14235
-2425
-17561
24959
-3940
-14624
-13882
90
6316
-18915
-10879
-6818
-22784
7782
12249
-17565
14984
-24999
3454
-6228
-16892
10465
2508
-9320
21026
13388
-23403
413
-11994
12018
-18189
6937
15241
-17910
6272
-17390
2141
12456
9971
17985
7973
11501
-11918
-18871
16911
-6311
-23153
-23957
19209
-13788
-12220
8993
-17523
1041
-1633
4137
23355
16386
-20266
4610
14728
18504
7532
8432
-2280
22656
-12605
22587
-6363
9637
20856
2683
-14451
6175
19528
17635
21427
1319
15566
17707
3370
-6118
-9660
-21951
-1490
-15743
2241
20748
-21333
22834
8912
-14826
-21135
-5543
13802
-10754
-13017
-13457
22417
-3896
-19220
14609
609
-7335
1300
-22408
-3489
2775
24018
-12497
-13172
21935
9156
-21326
-7180
-13516
-19017
22144
-21525
-8346
-24980
-6210
9808
7963
21108
-20559
5626
-7699
15846
-8743
-6846
-2427
-22576
6584
4990
3442
-8198
21666
12067
-21172
-15756
-11301
13427
-23011
-17108
18761
12688
18772
-16367
5822
16556
9643
1767
-4841
-14417
-19506
1647
24921
-12111
1619
-3751
20197
-17395
15721
-1554
-13730
3444
-12841
-10275
-12561
23623
-11764
-22484
-9837
-129
1424
16150
-9896
8365
-17044
-12155
21813
-13167
-6452
16141
-12075
-1249
-10168
-23110
15818
24305
12369
18313
-6388
-20476
4396
1441
11539
21839
5381
12035
18033
12593
5929
-2139
24433
24028
-19090
22068
-18531
-23255
-13323
-4184
-4079
-17864
-8221
17002
-17118
-12928
10671
4543
-198
-9196
2892
19714
16131
22073
-7898
12445
16475
4758
5438
-21738
-9881
13023
-18914
-9723
10335
19299
-9499
-10657
-15639
12707
16521
6751
-21155
5753
4447
-13569
8709
20591
-10613
-5080
4498
-10206
15912
130
23038
13711
12244
-2985
-15636
-21761
-4631
14015
-9239
-22074
-847
18643
17485
5638
-1157
-15707
16920
-22998
-15149
-24317
1400
-3193
-12932
-8924
-20964
-24960
5740
-2038
-9204
2762
-21074
-5984
18865
-9952
20134
8235
6771
12296
-2649
9900
22325
18172
-5133
-23326
-1857
-6655
-3489
-19839
-14750
-23377
-1689
-6871
-9458
11165
-2315
23730
-13035
21024
9943
-19200
21238
18735
756
-11788
-12979
-22835
7494
-23655
22417
-10082
-23021
-15603
17017
8191
-12118
18913
11681
-5897
-10629
9645
24376
13906
-14142
23063
6542
9441
-19592
4486
-10329
-14913
-2873
-3588
-2338
15174
376
3358
19894
-2730
21304
5064
3065
-7989
-9784
8225
1168
6069
21574
-20995
18397
2963
-11439
19901
-12538
11954
17992
-7875
-3883
18596
-20127
3671
24349
-18625
18474
15874
-21624
-24632
-22855
-20114
-21653
21353
14906
20685
-20387
17325
5768
17639
-19867
-19776
13126
-531
4063
14907
-5907
24063
6542
-16158
-2794
-17960
-2519
-23118
-10947
-17268
-17059
-14514
-14172
23585
6168
9418
7876
20443
20803
11221
-13328
13479
-5979
-20326
-22995
8085
21629
22724
-1722
-15137
-15710
9610
-6444
739
8470
-2358
-9917
129
-5973
20944
-5729
23472
-22621
-19363
-9094
-10496
109
-7404
-14310
-9232
21752
-13442
13237
3691
8431
-20627
4592
-24314
21931
13227
-13201
2902
10836
-9570
-19154
-16830
10524
-13742
-8883
-2183
7879
6927
-24209
-11897
21627
10925
16365
-3241
20920
-1905
10600
11569
-7197
-18566
20448
10424
-22673
-21191
3558
-9928
9477
6688
19008
-7828
-18317
21278
-8778
7548
-4838
23062
-16696
-14231
4546
-3365
-195
15736
-745
-16957
20181
17307
22386
-16798
19614
1277
-13562
2602
15823
-16859
-18505
5616
-6692
-12337
-5442
13119
10292
10103
5855
-20140
15666
9078
-4850
11680
-1819
-21181
-11670
-13516
-12546
-3234
-10988
-23154
-6462
-3455
2716
-13376
24519
-16052
537
-2923
842
12064
3783
19970
24763
6652
-18133
-8544
18137
8091
-12249
-15330
5071
-14157
14431
21769
20968
-22099
-8028
-5912
-16619
-21382
5404
9493
-236
12674
1626
6735
-6617
8614
11699
6478
12329
1145
-14936
-10072
13710
-16224
-19055
-3246
-24330
-13450
12318
12114
2633
18764
-2912
12940
17045
-172
24214
15291
-18167
-21672
-5673
6198
-4695
-14170
-17255
3946
-841
1568
367
-9298
2762
-5288
-13615
-14363
-9728
-1139
5343
8212
9205
4213
23274
-13170
-3783
15485
-20221
2370
-6780
10556
-15885
20407
24707
1632
23068
-15735
22973
-22736
-4748
8917
19153
22500
-4166
6391
-17243
-23497
-897
21238
17462
22622
-5459
-7748
-905
-19457
-1022
23506
1006
1780
-19286
-3529
6371
8363
2358
9160
-7060
8284
-12861
21633
9574
3200
-12569
-7585
15897
23941
-14865
11707
-14827
-15975
-11762
-13017
-19246
-10578
3101
-9400
24677
3816
-21359
20252
-17510
4709
-20936
-2430
13343
-5036
-22850
10396
14317
-13178
21528
878
-4138
-17395
-1080
9204
10399
153
-2876
-16201
-6267
16477
-17077
-10230
12235
17724
-16759
-7944
17252
3547
-7504
-10064
17030
-1644
12451
-20335
-2333
20642
13423
21943
-14801
7253
9045
-15162
-16585
20675
5470
14867
1675
-2178
-13879
12369
-22639
-19776
7084
9281
-3188
96
5974
-9881
6562
-6742
-23749
-5123
11863
11080
-6195
13184
-19307
7749
24972
8090
9506
-16385
5692
-1554
4175
10812
11478
2210
-11286
-11984
4659
-18439
15482
17702
-7109
-8132
-19712
2317
-5395
-16863
2648
-5933
10144
10353
502
-4764
1764
12433
19270
-23314
2151
11227
-5884
17381
15482
7640
-21936
6151
-15188
19338
-15199
23142
1550
16037
-752
15032
5598
4648
22554
16367
-12014
10426
1043
-3425
18928
7698
4625
-13640
-18635
-8150
-2616
-14116
5568
6054
-16670
-4360
4157
16444
234
-6040
7622
-418
-18745
-4932
3742
-15468
19853
-4425
-14921
-13577
2556
15673
17432
12522
21510
24819
-10094
-62
-2277
17009
7164
-16316
10801
-6246
7321
5359
-7625
3179
-24306
4254
-10891
-23127
-2493
-16329
-14043
13719
-18170
15673
-8226
-4841
-21066
-800
-18055
2049
-1309
15279
23977
2573
8
-1282
-21602
23766
20958
16126
10183
10452
-5556
-18910
-10606
-24174
-10823
-14937
2716
-15005
11241
-1287
-19806
2037
22715
22292
19153
-1878
18964
9707
-18673
13018
-3817
-4754
22014
-24067
-23757
1377
19932
12048
7568
-21748
-6841
-4446
15236
9065
-5611
13708
-12788
4254
-9453
-17904
512
-16601
10205
-2486
22567
10183
12320
-11989
10020
22971
13527
-21990
13346
7876
6727
1838
1192
7934
-5958
-14015
-20160
6842
-4491
7675
3999
-19179
23559
9864
-14094
4088
-14292
8838
-24848
1494
4333
8150
-6556
7019
-11281
-11974
-17059
24654
-5749
20192
-3115
24709
11679
-22336
11318
-18263
-24536
-1284
-3828
-10573
18799
22857
20670
4488
-11770
-17469
-2139
22931
-16777
5880
-21937
-8567
-5744
-3476
15567
-14178
-11640
-5385
-10313
4878
-15185
-12166
1161
5848
5104
-129
14314
6212
-3682
16852
-6131
-9262
2690
-18601
-23156
-13911
7814
21805
2237
17272
-1592
-15124
-23935
3520
20876
20118
-3606
5911
12901
24420
15317
-9463
-10963
12741
3683
-18248
17193
8971
-1746
6529
-11584
466
12059
-21221
21098
23834
-16366
17771
-6999
15923
-9188
17931
11611
14392
-10486
6227
-236
24803
-9053
21645
12195
8105
13352
10285
-1462
5076
15851
10788
-22365
-16950
-21486
-1297
-15382
6550
-3690
14324
12758
-8858
-5510
-17610
-24915
-23256
22243
-15954
-16046
21753
-6699
21454
20965
16875
-4446
101
-24728
-938
-1071
13622
-5859
-16222
3268
-7373
10625
-11390
-21191
-818
13906
-22868
-10425
4671
6135
1235
-24783
-18039
-529
23414
-12633
-16843
8932
-10501
-21038
-13117
-11869
-12568
-2384
6178
14316
5017
14179
2222
7665
20396
22600
-19139
7733
6074
17341
1283
-19011
9737
-8191
17564
18720
10218
-2929
303
12046
61
-1215
12060
9419
6221
8573
22905
11610
10325
19260
21566
-5890
20168
23142
-10667
-17342
9859
-10529
-9231
-15394
-7630
10577
9518
-3899
-8692
258
-10966
24796
-18163
15712
-17120
-22016
-24589
-22817
-22207
-5976
9851
16271
-3245
16501
-4678
-9245
-3667
-19930
-10568
23444
22108
8189
1883
5092
-2832
20960
-11167
-15142
-5409
-11391
20705
17079
-20051
18252
15936
-231
-23815
6759
12196
-24436
-783
17221
-19323
4757
-16840
-22066
16773
-9451
-337
-18154
-9916
-13835
5101
24300
-18421
20693
-13020
-20346
20916
-1717
4902
11957
19509
-1707
12787
10546
9805
-11391
24097
-786
-6974
11796
8577
5015
-22359
15449
21276
-7641
-13739
17600
-17484
11918
12376
9215
-1371
4000
1709
4427
17160
-6790
10119
17364
16913
21778
9251
-16436
-20068
21452
18301
-10631
-14579
5552
-6569
24679
7318
2925
15968
-14534
-21302
-978
-23474
6547
-7315
-2768
20494
6980
-4489
-13755
9490
-12357
4768
-9010
23911
15215
-16914
21344
8123
16340
-3244
-2590
5117
-18979
-9628
19713
-14611
20245
1776
-23490
-22624
-8552
22535
-414
20428
2963
-11400
-15868
-14480
-245
-18956
-20251
22218
12089
22335
4017
2668
-7416
2975
2004
19726
19449
5305
22598
-6137
-503
9390
-22436
-13253
10559
-2728
-3252
24944
9576
-1596
23552
-6222
-9527
4112
15157
-9580
8200
-18949
23562
-11342
-770
-22156
-2966
-2142
-3361
8973
14485
-12007
10801
-12515
-9761
6626
9457
14887
-22799
1738
-11442
-22026
11275
16564
8698
14777
9376
-3110
-12752
-1419
-3504
22643
-10754
23953
10258
-2292
-4319
18588
11214
4767
-13032
-10635
5203
2291
-8099
23068
-7796
-23059
24502
4577
4248
-14999
-17846
15080
-11304
22844
-23586
4809
-2328
-14597
12545
-7272
12689
-22723
11333
-5024
-11176
-9903
-10995
14731
-11925
14257
14153
9108
-7503
12367
-24330
-22858
2688
-11382
19510
-10509
14733
-21466
16346
-15099
11232
-11332
-18461
6377
4822
7893
24977
4804
24185
-14737
-930
-20050
8447
14380
23045
14390
8504
6329
23913
5540
-872
4664
10343
9668
9623
-3815
-18529
8271
-3817
-18798
2135
-3781
-12658
438
22546
16485
-18694
524
-10837
-971
-17958
3877
19003
8629
19706
13685
15773
-5312
-15521
3431
-572
-5966
9215
-22716
-9619
18582
4801
19413
23078
-13284
-4571
-3354
13967
-13172
-5433
1907
6883
-24762
-14058
-14937
11773
3180
3576
-15797
5992
2894
-24993
22419
-13338
4900
21259
-16906
4903
-9372
3800
24040
-13821
1910
-18533
-16878
6545
16638
19859
5960
-3069
4628
-11397
1120
3697
17670
-2463
4821
-1890
10458
10174
-4855
10969
9954
18486
-19826
-933
17946
-2135
-19920
4671
-3015
-6594
21497
-13755
-15853
14843
5420
-5849
-21229
-21391
-4143
-21697
23885
7472
24494
16508
1020
-9762
22571
-19910
-17321
17503
-20344
2970
-1933
-939
20655
-12928
24206
-2065
6945
-836
1074
-9189
-941
-811
22406
-11624
-17191
16537
23654
9803
14612
-17278
14871
15204
-1010
-13992
-5222
-14208
-12661
-13111
-5808
19707
-20259
14833
2367
5191
-11666
13003
9218
3801
15238
21378
-15550
-18963
-13931
9208
8968
10755
13114
13825
22101
14864
-10827
2889
8281
2502
-14290
20609
8558
-6459
3693
-18014
-13091
20966
6147
24600
-15493
-5006
5346
-20427
12415
-23222
659
-22074
-366
6962
-21626
-3199
-13475
-383
19282
6003
-854
-13228
-14730
-23598
17913
8810
4320
16333
-19951
-20707
-17713
11050
19477
3854
-4105
13462
-12156
12590
19893
14449
4977
-14180
-9095
-933
-20944
-5368
23686
4931
-5024
20166
-13821
-12632
-5021
5499
-16915
2480
-93
24815
-23372
4801
10308
-11752
21851
-3015
-21674
6540
15394
10783
24144
-22565
-10790
-17942
-12416
24226
3009
12486
-11151
393
22803
-2687
-19689
-22779
-14610
6507
13367
-18854
3055
-6268
-24838
-22453
-14647
-18325
-8725
-18159
-4858
7504
728
20112
-16639
11450
-16774
16205
-12428
7144
-14552
19711
-14300
-8315
16671
17183
7870
11198
-11736
7
-8649
13260
21623
-16153
12997
15207
20639
-18752
940
-20862
18260
-17380
13255
6700
10478
-15213
1057
19324
4111
8957
8059
-11584
-18344
3427
-2193
10534
1754
19206
-10403
-7201
13771
-1091
3108
4495
555
-2287
-9438
-956
4510
-22138
13850
-15586
4809
16149
-1641
-19281
-18813
21829
-1152
15319
-22553
-23779
15706
9416
-19806
-8309
20479
3673
2889
24885
-5126
11430
7326
-10410
-20671
-14750
-16108
-14483
21714
13461
-7549
-21491
18562
2360
-16186
690
20217
316
-23438
17532
-22372
-24678
18163
-14350
20777
18285
-164
-13605
-13101
-2150
9040
-20648
16483
-13739
12871
18777
-1076
-20771
-16486
-22713
-13699
7176
-15750
-2499
9536
-22220
18483
-10321
-3433
-16214
16040
12466
15676
20573
-6707
-12702
16841
-18688
-7399
-2043
-3460
-13995
16432
14000
-7533
-11434
12150
16546
3590
6273
-14061
-19646
-24561
21235
-9937
16258
1719
-14152
-17344
-8328
12847
-10861
19109
685
8146
-7942
-17107
-15451
-381
1099
9915
10238
-9351
-22415
14922
-14117
9683
-2687
94
-10612
-22397
-19971
19306
9821
-12302
-10069
7763
16409
-533
23687
21711
17854
-3904
24578
4480
-20010
-19670
21057
3541
13102
4162
-10345
-15221
7092
-11374
-11591
-169
9208
8223
7181
-20323
-3619
-11429
19680
23338
-6702
-16054
-2878
4462
20294
17000
-11881
-7472
18870
1715
2798
-9020
-8438
-5098
-15128
9278
2345
24723
-9407
-5347
-11963
20551
19443
21785
11350
720
21393
-2471
331
-13011
-23327
-1506
21166
12965
17847
-21010
2656
9678
17351
-24415
-5968
-21631
10457
15862
-18212
-18009
22651
14965
20120
1026
1015
-646
20436
19879
-4680
-5087
14884
15363
23041
-20163
3113
-3216
-8737
8276
20568
-14860
1316
-13396
-15491
-19864
-14150
7166
10781
-22860
8398
9146
22576
4430
13482
-14817
12362
13906
-9
22860
-6844
-4905
19825
14342
17277
6161
-2147
14792
-12600
-3784
-21188
8286
-2450
1016
16111
-13706
2597
8430
-3937
-13781
23037
23299
-14452
13468
3434
-23500
13952
-671
14276
12657
23401
3607
15569
18503
-21184
-15575
743
-22594
24012
-3253
-9642
675
21665
-8682
-16308
-9106
-2068
-24648
-96
18918
12819
-23538
10537
-7257
-5325
-6340
21195
-12976
-22606
-192
-17324
-7063
12242
19379
-22859
-17706
-1745
-10515
-3463
219
3576
-543
-8404
-9886
-5411
-10364
-11324
-14221
-1388
21337
3531
155
2082
9274
15208
10175
13140
-21692
10292
3088
4710
-19946
14275
22958
2326
-1035
3810
-22590
-23912
-4431
16564
-2356
16961
-18591
21762
-11523
-1781
1441
11521
24753
6071
22423
14207
-20765
21778
-22733
-11280
-24168
-13279
23951
-21960
2510
14036
22286
2838
-10472
13413
7759
-5866
-5643
-14745
-1155
22839
22648
-5586
4788
-185
-2387
-9506
2881
-20006
-21326
-15079
15508
2619
-22074
21116
-3477
-21717
14568
-2460
-1333
-18152
8703
11437
2765
8594
-14646
20482
14241
24208
-9530
23966
9928
-22158
-9404
-6269
-13772
-5592
14349
-24895
-17917
11742
4748
-5892
-10064
10684
3447
-10642
-18541
15088
15136
24321
-10718
-5080
-7218
23055
19578
-4866
7075
-5192
-21870
-7683
-157
18977
-10674
23162
4340
16184
-18954
-15000
8419
-19011
-21909
-1262
-10757
-7837
21732
18196
-8313
17534
9982
-9
8319
-15448
-3911
-14720
16192
23870
7347
10686
21126
21800
-17126
-2634
8477
13171
5718
-19533
-676
4333
19542
19998
-5925
-7065
8200
-8712
5588
-8506
23450
-21168
7675
16864
8688
-12092
12716
-6556
5613
-19823
22961
-15427
16415
-7027
14156
-14274
-16321
3062
18262
23701
21362
-10851
10108
8877
11806
-4609
20082
-8898
14586
-13732
-24987
-2637
2385
-15873
-10808
4967
-16296
17233
-3146
-24828
-6411
23056
-23189
-12968
-22290
-8486
7609
-16897
23974
11887
-8361
-1934
-11830
-2017
-18050
-14653
-15265
9549
16022
6303
-16280
-8310
-8990
5203
-8698
18027
-13498
2877
18678
-5444
19901
11799
-538
-17686
-22621
23396
-14213
9528
-5490
6674
-18399
17353
11903
7125
17391
13412
21635
18786
15932
9913
-4935
1184
-2407
24221
16172
-3510
-17184
-17082
13351
4196
20222
-21697
3586
-18596
12153
5959
-9362
-5728
-22768
-7184
-5401
-18444
-20437
-24806
-20794
-18248
11513
9760
-3906
-16687
11401
-20000
11727
-4153
1988
50
19000
3736
-1823
-3102
-5782
12545
12258
13655
23295
-20241
-13773
21230
-14404
-22259
-4064
14439
-20373
-4967
19789
7441
24672
-15707
-8941
-20437
-10716
6431
21834
-3005
13468
23781
-7621
4900
-19434
-5118
-20394
13176
-192
-6286
14637
-5942
22902
-21807
24853
-7974
-17751
-14901
17793
23776
-14562
-6548
14276
-22173
22060
20505
-24609
-21232
-1608
8217
3661
-24227
18086
-7641
-11016
-2680
-11603
-8931
-15015
-11551
7084
-19437
-24012
18043
-2289
22810
18236
3088
13013
-14954
-4660
-12777
3119
-16736
-687
20597
-5563
-10573
-208
-34
-2450
-18049
-22089
-20567
3096
-18618
10231
-1109
9153
16861
7692
-4968
12196
2456
-4721
11756
12102
-10978
-17406
18916
-21387
-16774
2393
-8190
18508
23852
-18291
3258
-9934
-14316
-3391
2311
-13594
22083
24002
-24997
20858
-24128
-2863
14966
-4907
2324
7413
17855
20744
-20723
-9677
9958
2271
17532
3250
13904
-14041
-12719
16200
9623
-24879
2614
-9222
22002
-13981
8838
10515
-9568
2485
-12006
-3934
-7709
-9578
-18065
-18271
2999
-22586
-16581
-21394
-7366
3116
663
7682
15396
21306
-13111
24667
-2504
-12171
-19630
4470
3824
6440
-21885
14409
-4365
22857
3442
-18261
-2847
-19572
-20898
16691
8065
-11856
-14504
-888
-18279
8640
-2163
-717
6218
-8140
-13121
2319
-21962
-20343
-18719
21286
7764
-23683
-5121
7741
4537
-23242
23893
-12406
21078
15307
-23647
-19732
15989
-16499
1313
6504
17249
-13305
-23103
5685
11109
-8865
-1495
-1319
17177
1756
-19348
-508
-11923
-22591
-11238
6913
16411
-9914
19214
-13811
461
-1937
5916
4880
9714
9297
-22700
-16285
18761
9561
22587
10169
18502
-11275
97
11602
-1351
-15524
11738
-13015
-18724
-23214
18433
23618
-23527
13571
18764
-4631
24368
11284
24819
-19053
-10609
-17711
7940
24152
-5920
23384
-8259
1798
4705
-4296
9615
-24849
-5400
-12655
-18281
-20844
-5202
-10761
7029
21973
-6578
-11079
4564
-2157
-17321
-1370
-6414
19850
4608
-22481
8243
1341
24384
9276
677
3345
-3741
21406
24672
-9947
-3990
-10782
11572
13169
-17691
20584
18669
16289
3977
24153
22261
-9386
-22397
-1687
6066
-20600
10717
3486
10620
-4441
3615
-15173
239
-24568
-23456
23002
22721
-21165
7177
-15804
6571
-11095
-15419
21551
-20910
-9153
-9471
-1221
-17797
-24261
-16030
10272
-447
12104
5073
15551
19550
-22425
3710
22547
14751
10376
18326
-16578
19589
16679
6321
-8186
11149
-1526
15233
22230
-13521
-15815
-1045
23412
3017
-20921
2134
2739
-21073
2833
17254
22014
14172
7530
-2058
-3184
-10537
11476
24191
-10937
5794
-11878
6015
-23398
-1167
-23274
-2310
20504
16620
-22934
-7608
-2814
-3850
-20491
4952
-4815
-18595
2141
-16533
20703
-23683
24478
-21776
1331
-7353
7026
11769
-20842
-18630
49
-22084
-20608
-22344
-10698
6608
14486
12499
851
-16308
-10428
9719
-16749
12486
-12296
577
-8705
24112
-20229
14550
-8928
-13009
22913
-9741
11992
-19999
-5978
15095
-21621
-11097
3819
22159
-1702
-6576
21625
-8956
-10818
-10539
9268
-22451
-19060
22307
20621
-16822
24223
3839
-10800
24430
-10869
1293
-21583
-18785
8243
20988
6812
4819
-3959
5007
-10484
-470
23134
-19083
8635
13339
-22557
-8458
10403
5587
23210
-14903
-15084
5448
-8865
18400
-913
9131
-8598
12109
-8921
-2547
-24355
-7654
19385
24629
8061
-18686
-23968
-18118
2047
-19627
-20247
-4657
-22868
-21076
22378
-22502
14062
-5017
-12997
-2269
8214
2418
8039
-19958
-6467
-7656
8350
4639
3404
14731
-13197
19769
-4112
21252
-16385
15090
8263
-6503
8739
6491
14838
12715
-10143
22217
18601
-1944
17997
3961
15220
20029
-23084
17911
13945
15225
7041
-1350
-18948
22505
-3313
-24630
-13404
-1463
-20130
-20490
-4627
-22718
23218
16620
-16043
21070
21052
12476
-8988
-15583
19782
23069
-3445
9803
-17724
-1068
-6365
-4893
18621
7060
6504
8788
-10486
-8667
-22835
22816
-21715
21910
14833
22814
-6187
-6042
4440
-1659
6257
2344
2273
-19653
-2132
5413
12201
3429
12512
19183
-11334
-57
13817
-24584
-20160
-16214
8734
23060
-22272
24880
-21604
24377
19436
10317
-22255
22203
12806
-8185
-9278
-20605
13265
-19770
10393
5580
-11410
-23466
-20562
-6981
15350
23941
-14427
6272
716
6163
-7910
-16359
-1055
-19404
-6365
24270
-18874
18578
-19780
-3300
-11078
4457
-2255
11249
-23304
-7018
-13098
-24052
-6968
-22045
10361
1092
-1355
-12434
19219
1782
10592
3839
-4601
22834
-23694
-5695
-8132
8801
-18408
-24614
18315
21731
11537
-4642
17198
8088
-5612
-1526
-12242
-23565
2380
-829
6148
17621
6781
8644
-12195

