-17010
9631
-19457
10383
-4314
-2707
11857
11608
-9639
6471
-20814
4062
21279
-13101
-14201
-715
-22680
2656
16459
-11622
-15351
11218
-16858
18807
-14989
-21741
23244
15039
-12696
7741
-6953
-20338
-21557
-21603
-16456
-22431
2627
22654
3373
-10804
12015
-12157
18982
-13183
-1140
-4163
22649
-22336
-564
18806
-22460
20020
5850
8161
24448
18527
13731
23514
-4878
-16366
-7458
22847
4763
-6274
-3661
19894
-16669
-14287
-24882
7165
-23724
4550
-7921
-615
7624
-11479
9630
-3028
-16741
7421
-3112
21892
11417
22426
2592
24410
-12765
13668
-4899
-11200
-9183
-23537
7879
-16514
-2084
-5368
729
-19033
24939
-7343
-19143
22661
15704
-18953
-20279
18516
7815
17460
-22015
-24647
-20891
-12752
1100
-18757
-2987
1258
-16667
10529
-23825
17707
-17154
-23509
18839
20479
1131
17322
12532
13706
629
-18120
5992
7359
21833
-8871
-1002
12511
-1496
-14710
5957
1652
-3295
7186
10717
-12699
-8865
-4431
1337
-10446
-16845
-6759
-1505
-5237
10982
19107
17702
-12460
-7911
22688
15459
-12987
15734
-5426
19084
-5157
21095
4253
-10713
-3789
-19042
-8483
7808
-843
13607
-3572
15177
-14264
791
641
76
2785
21744
8237
11587
5985
20051
23687
-345
18649
12710
11638
-13151
-10128
-622
-21397
-3952
22279
21477
-7864
-9046
-13174
13110
1357
24810
-4304
15503
-17627
15199
-15041
4503
22445
8184
-21896
-10403
-13086
-17535
-24828
-20414
-15328
20115
-11449
-13668
10056
17578
10375
-14980
19993
7242
22954
15701
-12655
-21861
16857
20833
10264
15381
-279
-15524
-23391
18974
5346
412
12601
18321
-21860
11489
-7979
-24001
-14178
16527
7804
9566
-3876
23346
17850
21444
-7098
7746
14136
-4181
-19414
-12029
6889
12633
15307
16111
21200
-6255
11020
-7533
-4205
24252
16248
20370
-20185
5346
6336
-6266
-22481
-14259
15727
10192
-2659
1433
23659
16503
-6358
5662
7377
-8153
-9272
-21799
-11332
62
18743
-8865
-2455
-2881
-15400
-3673
21869
-21675
3067
-6495
18522
20072
14718
-19829
-4004
-19526
-11130
11409
-6291
-6544
-3802
-12805
1385
18471
-16657
-24701
-9107
-9995
-12243
8019
-6155
-1559
-10884
15187
13392
-121
-23235
-4405
-6011
14184
-1890
-5036
-13844
11990
245
17236
9953
2742
-18619
5740
22116
2902
-21968
22885
18838
18056
8896
-805
-4906
7815
-24663
11124
4646
5383
8024
16856
-19062
7866
-19714
17071
-24293
-22915
21059
10373
-13995
-24111
-23884
3837
1202
-14239
960
-22841
-17509
-20557
-7429
11338
-20215
-13851
7858
-180
15722
-19589
-20531
3573
12473
22925
5537
-23657
-6279
20032
16253
16511
-7505
20604
-1730
5022
-12711
20036
-24306
3584
12232
10709
3943
8876
20459
3513
-9626
-19755
-918
-12325
16432
827
-16930
19295
-592
21640
3786
21080
-3547
12148
14666
-8127
13649
-23644
21097
-22494
-14644
-9181
-283
14446
-17148
23177
24320
11798
5529
23763
-24087
-18536
9322
22635
14311
15877
15103
-10899
10626
-479
19013
-15588
-6141
18148
11774
-21934
-16693
15594
2867
-22947
-24863
-637
-24798
16167
-18900
9044
9404
-11495
-20500
21701
23201
12484
9801
4957
-3440
-11500
24628
949
21401
18407
-15015
2212
-15128
9620
-21374
-12359
9111
12641
-13997
19672
-23294
19756
-24879
-12263
21775
-16443
18133
-24685
21657
7547
6738
18181
14326
16933
-23769
-14982
-4230
11480
6819
-9039
6743
9197
-1715
-20648
-5979
-6485
-7913
-8522
-19009
-22573
-6345
-17689
-13289
-1371
9269
15587
-6520
19688
22197
-23828
13318
-6205
20332
7020
23281
-17436
12224
-15929
-15628
7514
-16175
7928
-1470
22708
-409
-14730
-11197
17096
-17095
16730
358
23712
8474
-20657
20709
24425
-11057
24901
-22061
4855
-12510
22720
-7338
-5873
-22254
10557
9813
-8028
-21214
20383
14739
-9041
11941
7914
16487
886
12295
14586
-16464
5282
9383
-13419
16127
-20096
9031
-10232
-19259
10369
-18991
-6670
17857
-4561
-23581
6515
13341
18476
11992
1390
-20708
-68
-23405
-22735
6008
16208
21475
-23943
-24660
-480
-12805
19883
-22470
24679
-20425
-21285
-9171
3152
8357
-13903
20375
-1733
-16074
-8075
-20791
6043
-18583
-13966
-15508
24580
3678
153
8561
-13160
12086
20634
-19597
-1230
9322
20566
-10492
9470
-14967
7815
-14501
-8929
-3679
-19882
-13671
-1567
-20952
12061
201
-17932
5245
20090
2978
4803
5415
-7412
5677
4574
20841
5962
12157
-2522
23281
6904
7695
-8463
12446
21353
-8659
15533
3627
-7699
-13447
977
14060
-20457
-9870
21869
19690
1316
-13313
781
13298
-6095
20642
-19734
-4350
4412
-3868
16783
22898
-19940
6785
-7816
-3603
-17955
-3471
7525
-7735
4928
20551
-11930
-17815
-8277
1227
-20017
-8824
-22380
-8723
20985
14217
6437
24098
2764
-11383
11585
-11072
13036
-14922
-15499
17254
-13370
-20839
-15158
-10702
-10099
33
-8346
2276
-24745
13658
6008
23890
9984
-4220
965
10042
7036
4900
23791
9180
5801
-22477
-3911
13395
-14409
22665
-13401
-1076
9044
626
-18515
-10721
-1106
9111
3707
15500
3228
18913
-9320
13718
-22975
-6824
18946
-4364
384
-19164
12303
12532
22854
-7081
-101
-10146
18102
285
-11365
18659
-21726
-3183
-7862
-11431
22964
-24983
-5808
-10553
-5230
-15095
-9285
-19584
1484
8815
-24363
16340
-24622
3768
1843
-2405
13514
-4459
12374
-9799
-18727
-21382
674
-15820
-16324
13939
-6380
18315
23051
12858
23855
2024
23617
-19147
-5676
-18340
-1137
-19646
16926
-4049
-23016
23942
16928
-971
-11722
-22456
-10288
1993
-23891
-154
-3328
89
15301
3923
14039
5063
-20755
-1098
18946
-9236
8222
-8241
-24286
6832
16597
19180
1994
20227
14576
11811
-5141
390
-13577
-18709
5852
18889
4409
-11522
11783
-19976
23583
22024
22272
-4130
7425
6876
-5887
-13246
-3586
-8766
-3048
-6605
-6350
-15496
18448
-17444
-8356
15368
-11475
15144
24804
-2139
-6429
16962
-4655
24119
14690
12089
20744
-24090
9714
20008
8477
-12905
-18522
-22486
13879
-8379
2227
-2552
-16463
-4280
-13640
-22789
12847
-20104
12217
-20842
6272
-8631
-13124
13873
12992
15684
8833
280
-15790
6926
-21265
-5583
-10451
-17513
13622
4967
-24538
-5350
7494
-13401
24424
4862
-18260
8153
23720
13808
12061
20896
-6085
14062
-24561
-8318
-21223
-11899
-6508
24643
21558
22772
-14914
-24218
13369
20688
4801
-8287
-10234
-19004
14085
-14267
-18449
-13121
-22031
-20074
-22476
-16819
-9927
19067
-9313
-16082
-251
-5228
14395
-16453
-9712
23495
-24024
-18421
13848
-9372
-8043
13466
-218
20800
11942
-19623
8276
-9797
-4446
-16873
8871
19428
20298
-17592
-19223
12023
11980
8306
7614
-10127
-18793
22908

