3
0 0
1 0
0 5

5 
0 0
4 0
4 1
1 4
0 4


3
0 0
0 1
-1 1


3
0 0
-1 0
0 1



8
1 0
0.70710678118654752440084436210485 0.70710678118654752440084436210485
0 1
-0.70710678118654752440084436210485 0.70710678118654752440084436210485
-1 0
-0.70710678118654752440084436210485 -0.70710678118654752440084436210485
0 -1
0.70710678118654752440084436210485 -0.70710678118654752440084436210485

21
211.330000 0.360000
277.690000 0.300000
288.740000 0.440000
327.450000 1.240000
327.630000 122.950000
327.660000 232.820000
319.980000 314.840000
303.210000 326.900000
138.970000 327.310000
91.490000 327.240000
73.410000 327.060000
8.600000 323.920000
7.630000 323.670000
1.520000 289.180000
0.310000 232.200000
0.100000 22.700000
5.770000 6.350000
7.120000 3.800000
80.300000 1.770000
134.550000 0.920000
199.580000 0.410000



73
1	0
0.996194698	0.087155743
0.984807753	0.173648178
0.965925826	0.258819045
0.939692621	0.342020143
0.906307787	0.422618262
0.866025404	0.5
0.819152044	0.573576436
0.766044443	0.64278761
0.707106781	0.707106781
0.64278761	0.766044443
0.573576436	0.819152044
0.5	0.866025404
0.422618262	0.906307787
0.342020143	0.939692621
0.258819045	0.965925826
0.173648178	0.984807753
0.087155743	0.996194698
0	1
-0.087155743	0.996194698
-0.173648178	0.984807753
-0.258819045	0.965925826
-0.342020143	0.939692621
-0.422618262	0.906307787
-0.5	0.866025404
-0.573576436	0.819152044
-0.64278761	0.766044443
-0.707106781	0.707106781
-0.766044443	0.64278761
-0.819152044	0.573576436
-0.866025404	0.5
-0.906307787	0.422618262
-0.939692621	0.342020143
-0.965925826	0.258819045
-0.984807753	0.173648178
-0.996194698	0.087155743
-1	0
-0.996194698	-0.087155743
-0.984807753	-0.173648178
-0.965925826	-0.258819045
-0.939692621	-0.342020143
-0.906307787	-0.422618262
-0.866025404	-0.5
-0.819152044	-0.573576436
-0.766044443	-0.64278761
-0.707106781	-0.707106781
-0.64278761	-0.766044443
-0.573576436	-0.819152044
-0.5	-0.866025404
-0.422618262	-0.906307787
-0.342020143	-0.939692621
-0.258819045	-0.965925826
-0.173648178	-0.984807753
-0.087155743	-0.996194698
0	-1
0.087155743	-0.996194698
0.173648178	-0.984807753
0.258819045	-0.965925826
0.342020143	-0.939692621
0.422618262	-0.906307787
0.5	-0.866025404
0.573576436	-0.819152044
0.64278761	-0.766044443
0.707106781	-0.707106781
0.766044443	-0.64278761
0.819152044	-0.573576436
0.866025404	-0.5
0.906307787	-0.422618262
0.939692621	-0.342020143
0.965925826	-0.258819045
0.984807753	-0.173648178
0.996194698	-0.087155743
1	0



4
1 1
0 2
2 2
1 3


16
1 0
0.86602540378443864676372317075294 0.5
0.70710678118654752440084436210485 0.70710678118654752440084436210485
0.5 0.86602540378443864676372317075294
0 1
-0.5 0.86602540378443864676372317075294
-0.70710678118654752440084436210485 0.70710678118654752440084436210485
-0.86602540378443864676372317075294 0.5
-1 0
-0.86602540378443864676372317075294 -0.5
-0.70710678118654752440084436210485 -0.70710678118654752440084436210485
-0.5 -0.86602540378443864676372317075294
0 -1
0.5 -0.86602540378443864676372317075294
0.70710678118654752440084436210485 -0.70710678118654752440084436210485
0.86602540378443864676372317075294 -0.5


8
1 0
0.70710678118654752440084436210485 0.70710678118654752440084436210485
0 1
-0.70710678118654752440084436210485 0.70710678118654752440084436210485
-1 0
-0.70710678118654752440084436210485 -0.70710678118654752440084436210485
0 -1
0.70710678118654752440084436210485 -0.70710678118654752440084436210485


21
211.330000 0.360000
277.690000 0.300000
288.740000 0.440000
327.450000 1.240000
327.630000 122.950000
327.660000 232.820000
319.980000 314.840000
303.210000 326.900000
138.970000 327.310000
91.490000 327.240000
73.410000 327.060000
8.600000 323.920000
7.630000 323.670000
1.520000 289.180000
0.310000 232.200000
0.100000 22.700000
5.770000 6.350000
7.120000 3.800000
80.300000 1.770000
134.550000 0.920000
199.580000 0.410000



3
-3.000000 5.000000
17.000000 5.000000
7.000000 9.000000
4
10.000000 10.000000
20.000000 10.000000
20.000000 20.000000
10.000000 20.000000
4
-5.000000 0.000000
0.000000 -5.000000
5.000000 0.000000
0.000000 5.000000
21
211.330000 0.360000
277.690000 0.300000
288.740000 0.440000
327.450000 1.240000
327.630000 122.950000
327.660000 232.820000
319.980000 314.840000
303.210000 326.900000
138.970000 327.310000
91.490000 327.240000
73.410000 327.060000
8.600000 323.920000
7.630000 323.670000
1.520000 289.180000
0.310000 232.200000
0.100000 22.700000
5.770000 6.350000
7.120000 3.800000
80.300000 1.770000
134.550000 0.920000
199.580000 0.410000
1
1.0 1.0
2
3.0 3.0
0 0
3
0 0
1 1
2 2
0



4
0 5
-5 0
5 0
0 -5

3
0 0
1 1
0 1


3
-3.000 5.000
7.000 9.000
17.000 5.000

4
10.000 10.000
10.000 20.000
20.000 20.000
20.000 10.000
0 

